0	11	0	0	
16	0	0	0	
0	0	24	0	
0	0	29	0	
0	0	43	0	
0	57	0	0	
0	61	0	0	
0	76	0	0	
0	0	80	0	
0	85	0	0	
0	96	0	0	
0	101	0	0	
0	110	0	0	
0	0	0	121	
0	0	130	0	
0	134	0	0	
0	144	0	0	
0	156	0	0	
0	0	0	162	
0	173	0	0	
0	183	0	0	
193	0	0	0	
0	0	198	0	
0	209	0	0	
0	224	0	0	
0	232	0	0	
0	0	0	236	
244	0	0	0	
0	254	2	0	
0	2	263	0	
0	268	4	0	
0	278	3	0	
3	0	0	283	
5	0	0	299	
0	6	302	0	
309	0	0	7	
0	318	5	0	
0	325	6	0	
0	336	8	0	
0	8	343	0	
0	362	3	0	
9	0	0	363	
9	0	0	372	
9	0	0	380	
0	394	8	0	
0	391	15	0	
9	0	0	409	
0	12	413	0	
0	421	9	0	
0	14	425	0	
15	0	0	422	
0	435	9	0	
14	0	0	432	
0	438	17	0	
12	0	0	446	
0	445	12	0	
449	0	0	14	
0	15	448	0	
0	456	11	0	
0	458	14	0	
17	0	0	455	
466	0	0	12	
0	461	14	0	
0	461	13	0	
16	0	0	451	
0	14	456	0	
460	0	0	14	
0	466	7	0	
0	468	12	0	
17	0	0	466	
7	0	0	473	
0	14	467	0	
19	0	0	464	
0	457	24	0	
7	0	0	470	
9	0	0	469	
13	0	0	465	
469	0	0	9	
0	465	12	0	
0	462	13	0	
10	0	0	465	
0	463	14	0	
17	0	0	467	
0	14	467	0	
11	0	0	481	
0	13	486	0	
0	18	478	0	
0	9	491	0	
0	479	16	0	
491	0	0	10	
0	11	490	0	
0	491	12	0	
11	0	0	493	
0	489	14	0	
0	485	13	0	
0	486	16	0	
11	0	0	487	
18	0	0	481	
0	11	492	0	
10	0	0	493	
0	5	496	0	
480	0	0	18	
5	0	0	488	
0	478	11	0	
20	0	0	456	
0	17	451	0	
0	451	12	0	
14	0	0	444	
16	0	0	447	
443	0	0	19	
0	16	452	0	
11	0	0	463	
11	0	0	469	
0	471	11	0	
0	475	13	0	
0	473	16	0	
473	0	0	12	
0	464	12	0	
0	459	12	0	
0	453	14	0	
0	451	16	0	
0	449	17	0	
0	443	23	0	
13	0	0	449	
13	0	0	448	
12	0	0	457	
462	0	0	13	
452	0	0	18	
0	17	450	0	
459	0	0	8	
460	0	0	8	
13	0	0	451	
11	0	0	449	
0	433	16	0	
421	0	0	24	
421	0	0	17	
13	0	0	429	
424	0	0	14	
0	8	430	0	
418	0	0	15	
0	15	412	0	
416	0	0	8	
413	0	0	8	
0	13	414	0	
0	414	10	0	
0	417	9	0	
408	0	0	12	
0	10	413	0	
408	0	0	12	
0	397	22	0	
0	17	400	0	
0	400	15	0	
401	0	0	16	
395	0	0	19	
407	0	0	9	
408	0	0	13	
0	417	11	0	
10	0	0	418	
408	0	0	12	
0	399	19	0	
399	0	0	10	
0	14	386	0	
378	0	0	15	
7	0	0	382	
385	0	0	9	
18	0	0	381	
0	383	15	0	
0	10	392	0	
9	0	0	395	
390	0	0	15	
9	0	0	402	
0	3	403	0	
397	0	0	11	
0	14	403	0	
10	0	0	407	
0	398	9	0	
0	391	14	0	
403	0	0	9	
0	12	402	0	
16	0	0	401	
12	0	0	406	
12	0	0	414	
11	0	0	418	
0	12	422	0	
14	0	0	414	
0	11	420	0	
421	0	0	13	
424	0	0	12	
0	10	426	0	
6	0	0	424	
0	11	420	0	
0	434	6	0	
0	428	13	0	
18	0	0	419	
427	0	0	15	
0	15	428	0	
435	0	0	10	
435	0	0	8	
8	0	0	436	
424	0	0	18	
0	6	437	0	
8	0	0	437	
0	428	19	0	
438	0	0	6	
432	0	0	12	
439	0	0	11	
430	0	0	13	
6	0	0	431	
17	0	0	420	
0	434	9	0	
423	0	0	15	
0	432	10	0	
428	0	0	12	
0	18	419	0	
418	0	0	15	
0	11	422	0	
428	0	0	8	
0	422	14	0	
428	0	0	11	
0	10	428	0	
413	0	0	19	
422	0	0	14	
0	14	423	0	
0	415	16	0	
414	0	0	16	
0	13	416	0	
11	0	0	420	
0	14	416	0	
0	18	408	0	
10	0	0	416	
0	410	16	0	
0	11	408	0	
0	410	10	0	
0	411	15	0	
424	0	0	8	
0	13	421	0	
0	16	418	0	
418	0	0	12	
428	0	0	7	
9	0	0	432	
0	8	438	0	
0	6	433	0	
0	9	431	0	
0	13	426	0	
421	0	0	17	
423	0	0	15	
0	13	429	0	
0	426	14	0	
427	0	0	11	
422	0	0	14	
0	9	429	0	
0	16	419	0	
0	430	9	0	
0	7	434	0	
0	10	438	0	
427	0	0	9	
0	12	430	0	
13	0	0	438	
7	0	0	449	
0	20	427	0	
0	9	443	0	
0	18	427	0	
0	435	17	0	
449	0	0	11	
0	16	446	0	
0	444	11	0	
18	0	0	432	
0	427	21	0	
0	16	429	0	
12	0	0	429	
0	11	433	0	
11	0	0	434	
10	0	0	436	
0	437	14	0	
432	0	0	18	
436	0	0	18	
13	0	0	436	
0	7	442	0	
0	14	440	0	
0	14	437	0	
14	0	0	435	
434	0	0	10	
0	10	431	0	
425	0	0	9	
0	13	417	0	
11	0	0	412	
11	0	0	409	
13	0	0	413	
0	411	12	0	
414	0	0	9	
0	6	413	0	
0	11	412	0	
0	410	11	0	
17	0	0	409	
0	18	412	0	
0	15	409	0	
0	16	412	0	
0	11	419	0	
15	0	0	422	
0	10	434	0	
440	0	0	8	
12	0	0	438	
0	10	439	0	
0	13	434	0	
431	0	0	10	
430	0	0	17	
0	11	433	0	
0	17	420	0	
0	11	434	0	
10	0	0	438	
0	19	433	0	
0	446	10	0	
18	0	0	435	
0	6	440	0	
0	13	429	0	
435	0	0	12	
438	0	0	13	
437	0	0	15	
15	0	0	433	
0	15	441	0	
437	0	0	16	
0	11	444	0	
8	0	0	447	
0	13	436	0	
0	9	438	0	
17	0	0	432	
443	0	0	7	
0	13	437	0	
9	0	0	444	
0	20	436	0	
442	0	0	17	
12	0	0	452	
0	14	451	0	
0	20	446	0	
0	455	14	0	
0	16	456	0	
0	13	457	0	
0	455	11	0	
456	0	0	7	
0	448	18	0	
453	0	0	15	
447	0	0	15	
0	443	18	0	
445	0	0	10	
0	23	433	0	
14	0	0	449	
0	12	445	0	
11	0	0	453	
0	9	454	0	
458	0	0	7	
452	0	0	11	
12	0	0	452	
0	451	8	0	
8	0	0	461	
455	0	0	13	
0	452	15	0	
10	0	0	458	
19	0	0	456	
452	0	0	13	
457	0	0	10	
16	0	0	445	
0	446	14	0	
0	456	10	0	
0	451	17	0	
456	0	0	8	
0	437	19	0	
12	0	0	441	
0	13	440	0	
445	0	0	13	
439	0	0	19	
0	445	16	0	
23	0	0	431	
0	18	432	0	
15	0	0	440	
452	0	0	12	
19	0	0	437	
0	12	448	0	
0	452	11	0	
11	0	0	445	
0	12	444	0	
450	0	0	8	
444	0	0	11	
444	0	0	12	
445	0	0	12	
445	0	0	11	
8	0	0	448	
0	18	438	0	
0	15	446	0	
11	0	0	447	
10	0	0	443	
17	0	0	435	
447	0	0	10	
0	14	443	0	
447	0	0	14	
0	437	19	0	
0	16	439	0	
0	18	438	0	
8	0	0	444	
0	15	435	0	
436	0	0	11	
433	0	0	15	
10	0	0	437	
9	0	0	440	
12	0	0	432	
13	0	0	436	
438	0	0	15	
0	9	444	0	
0	13	437	0	
13	0	0	440	
16	0	0	433	
440	0	0	14	
10	0	0	445	
0	10	436	0	
11	0	0	439	
445	0	0	8	
12	0	0	445	
0	17	439	0	
12	0	0	445	
19	0	0	439	
16	0	0	444	
13	0	0	451	
459	0	0	15	
0	457	20	0	
0	460	7	0	
451	0	0	11	
0	453	11	0	
444	0	0	17	
449	0	0	12	
16	0	0	450	
18	0	0	443	
15	0	0	447	
16	0	0	449	
10	0	0	455	
449	0	0	10	
449	0	0	17	
450	0	0	20	
468	0	0	5	
454	0	0	12	
0	17	455	0	
0	460	11	0	
11	0	0	456	
452	0	0	12	
0	13	461	0	
16	0	0	456	
0	19	451	0	
446	0	0	22	
458	0	0	14	
452	0	0	12	
452	0	0	15	
0	17	451	0	
0	456	11	0	
12	0	0	458	
0	15	454	0	
0	15	449	0	
13	0	0	448	
440	0	0	12	
440	0	0	10	
426	0	0	19	
429	0	0	19	
438	0	0	17	
0	11	444	0	
441	0	0	14	
443	0	0	19	
447	0	0	12	
0	11	452	0	
456	0	0	7	
454	0	0	18	
461	0	0	14	
459	0	0	13	
0	14	445	0	
441	0	0	15	
0	21	426	0	
0	13	433	0	
0	440	17	0	
11	0	0	449	
13	0	0	446	
19	0	0	444	
10	0	0	453	
11	0	0	447	
13	0	0	451	
439	0	0	17	
445	0	0	14	
442	0	0	17	
453	0	0	10	
443	0	0	13	
0	16	439	0	
13	0	0	443	
19	0	0	439	
441	0	0	17	
457	0	0	13	
463	0	0	10	
17	0	0	458	
461	0	0	12	
10	0	0	457	
459	0	0	13	
11	0	0	460	
456	0	0	15	
462	0	0	15	
465	0	0	14	
470	0	0	11	
468	0	0	13	
0	12	466	0	
473	0	0	8	
0	11	473	0	
0	471	13	0	
482	0	0	13	
12	0	0	483	
0	490	12	0	
479	0	0	20	
10	0	0	485	
0	476	15	0	
481	0	0	10	
0	14	476	0	
13	0	0	475	
0	468	17	0	
0	479	7	0	
466	0	0	15	
469	0	0	11	
470	0	0	11	
0	22	468	0	
16	0	0	470	
0	480	7	0	
0	469	16	0	
469	0	0	15	
0	13	467	0	
0	469	18	0	
464	0	0	17	
0	21	454	0	
15	0	0	462	
16	0	0	462	
0	17	463	0	
10	0	0	469	
0	449	19	0	
0	449	18	0	
0	451	14	0	
15	0	0	442	
0	436	22	0	
0	442	15	0	
17	0	0	439	
0	13	435	0	
0	10	436	0	
429	0	0	13	
429	0	0	15	
6	0	0	443	
0	428	16	0	
0	433	13	0	
0	12	429	0	
17	0	0	422	
16	0	0	424	
0	10	433	0	
0	12	430	0	
0	426	14	0	
8	0	0	430	
10	0	0	434	
0	17	429	0	
0	433	9	0	
0	433	10	0	
14	0	0	426	
0	425	13	0	
0	430	15	0	
0	21	428	0	
0	12	444	0	
0	442	11	0	
447	0	0	15	
9	0	0	453	
10	0	0	449	
12	0	0	444	
13	0	0	446	
13	0	0	445	
0	8	444	0	
0	15	434	0	
0	440	11	0	
0	450	4	0	
0	434	20	0	
7	0	0	444	
14	0	0	433	
0	12	445	0	
0	452	10	0	
0	448	13	0	
17	0	0	441	
17	0	0	438	
14	0	0	440	
15	0	0	444	
454	0	0	13	
0	13	453	0	
0	22	450	0	
0	13	454	0	
12	0	0	456	
15	0	0	459	
0	16	456	0	
0	455	19	0	
0	469	8	0	
457	0	0	16	
0	14	458	0	
462	0	0	11	
19	0	0	447	
13	0	0	456	
461	0	0	11	
444	0	0	21	
443	0	0	13	
445	0	0	13	
0	22	437	0	
450	0	0	13	
0	443	22	0	
451	0	0	14	
0	14	452	0	
0	19	450	0	
460	0	0	12	
17	0	0	457	
0	14	457	0	
0	460	8	0	
0	448	16	0	
0	452	18	0	
449	0	0	16	
0	9	462	0	
0	458	13	0	
12	0	0	460	
457	0	0	13	
0	11	462	0	
14	0	0	464	
13	0	0	472	
16	0	0	465	
0	9	470	0	
468	0	0	14	
481	0	0	10	
16	0	0	469	
12	0	0	465	
13	0	0	460	
20	0	0	451	
457	0	0	16	
0	15	464	0	
460	0	0	17	
15	0	0	467	
464	0	0	12	
459	0	0	18	
465	0	0	13	
0	467	13	0	
472	0	0	11	
462	0	0	17	
0	467	17	0	
0	15	465	0	
468	0	0	15	
461	0	0	18	
13	0	0	463	
466	0	0	10	
468	0	0	14	
18	0	0	466	
14	0	0	470	
12	0	0	473	
0	471	13	0	
0	11	471	0	
15	0	0	469	
469	0	0	12	
0	9	464	0	
0	457	13	0	
457	0	0	10	
20	0	0	442	
451	0	0	14	
443	0	0	20	
450	0	0	11	
13	0	0	451	
441	0	0	17	
10	0	0	439	
0	14	437	0	
13	0	0	436	
0	448	10	0	
0	449	8	0	
0	449	10	0	
449	0	0	10	
441	0	0	15	
0	16	441	0	
0	455	8	0	
15	0	0	445	
14	0	0	437	
430	0	0	15	
0	9	440	0	
13	0	0	434	
12	0	0	437	
13	0	0	443	
0	16	438	0	
0	20	437	0	
0	9	454	0	
446	0	0	15	
0	444	18	0	
453	0	0	11	
9	0	0	449	
448	0	0	11	
0	448	9	0	
16	0	0	439	
16	0	0	435	
437	0	0	17	
10	0	0	447	
0	15	447	0	
0	451	16	0	
13	0	0	454	
459	0	0	10	
456	0	0	12	
449	0	0	18	
453	0	0	14	
458	0	0	15	
465	0	0	7	
0	459	12	0	
449	0	0	16	
13	0	0	454	
10	0	0	459	
448	0	0	19	
23	0	0	443	
10	0	0	450	
0	7	452	0	
0	15	441	0	
9	0	0	448	
15	0	0	440	
0	18	443	0	
16	0	0	440	
18	0	0	437	
10	0	0	439	
436	0	0	16	
9	0	0	442	
0	428	14	0	
18	0	0	427	
0	19	423	0	
434	0	0	9	
0	18	432	0	
440	0	0	16	
13	0	0	442	
20	0	0	442	
0	453	10	0	
447	0	0	15	
0	9	449	0	
455	0	0	9	
449	0	0	9	
13	0	0	435	
20	0	0	423	
425	0	0	18	
435	0	0	13	
0	16	435	0	
0	437	15	0	
447	0	0	12	
10	0	0	451	
14	0	0	453	
15	0	0	453	
7	0	0	455	
446	0	0	11	
14	0	0	445	
453	0	0	7	
11	0	0	443	
13	0	0	440	
9	0	0	447	
19	0	0	438	
443	0	0	11	
12	0	0	441	
14	0	0	443	
17	0	0	444	
0	17	439	0	
0	451	8	0	
12	0	0	450	
0	11	458	0	
0	455	12	0	
0	449	18	0	
17	0	0	458	
0	461	13	0	
17	0	0	458	
0	10	471	0	
0	10	475	0	
0	462	21	0	
0	469	17	0	
471	0	0	14	
0	477	8	0	
0	481	12	0	
0	479	11	0	
12	0	0	478	
470	0	0	14	
0	461	15	0	
16	0	0	452	
0	461	11	0	
9	0	0	459	
0	466	6	0	
19	0	0	457	
15	0	0	466	
0	458	14	0	
0	464	12	0	
20	0	0	455	
476	0	0	8	
473	0	0	12	
0	462	15	0	
463	0	0	15	
0	463	15	0	
20	0	0	452	
0	464	13	0	
21	0	0	447	
0	453	14	0	
16	0	0	452	
0	457	11	0	
0	449	18	0	
0	455	12	0	
17	0	0	450	
0	453	13	0	
15	0	0	449	
0	446	13	0	
0	441	17	0	
0	444	12	0	
436	0	0	12	
0	5	444	0	
17	0	0	440	
17	0	0	439	
12	0	0	444	
11	0	0	443	
0	11	447	0	
14	0	0	445	
0	437	16	0	
0	439	14	0	
0	8	451	0	
0	445	11	0	
0	446	8	0	
7	0	0	447	
9	0	0	440	
0	431	15	0	
0	427	19	0	
0	437	10	0	
8	0	0	434	
0	10	429	0	
0	434	13	0	
0	444	11	0	
16	0	0	442	
0	447	11	0	
0	439	15	0	
16	0	0	434	
0	432	13	0	
12	0	0	428	
7	0	0	433	
0	422	14	0	
14	0	0	428	
0	14	426	0	
0	11	431	0	
0	16	425	0	
0	7	435	0	
0	10	430	0	
427	0	0	11	
0	10	420	0	
8	0	0	426	
10	0	0	421	
412	0	0	13	
0	17	412	0	
410	0	0	15	
11	0	0	412	
0	417	10	0	
0	13	414	0	
410	0	0	15	
0	18	408	0	
17	0	0	409	
16	0	0	412	
0	13	419	0	
11	0	0	421	
420	0	0	13	
411	0	0	14	
0	417	7	0	
411	0	0	12	
406	0	0	8	
0	14	401	0	
395	0	0	15	
402	0	0	12	
0	394	14	0	
395	0	0	7	
15	0	0	388	
0	17	391	0	
0	400	12	0	
0	404	11	0	
400	0	0	13	
0	400	9	0	
17	0	0	392	
0	22	395	0	
7	0	0	401	
0	393	12	0	
15	0	0	392	
0	397	9	0	
0	10	401	0	
0	400	15	0	
16	0	0	407	
0	14	404	0	
0	16	408	0	
0	416	13	0	
6	0	0	429	
0	16	416	0	
0	422	8	0	
426	0	0	9	
0	8	424	0	
0	421	11	0	
0	15	416	0	
10	0	0	428	
0	8	432	0	
7	0	0	434	
0	14	431	0	
0	11	426	0	
10	0	0	428	
0	425	13	0	
0	425	16	0	
0	433	11	0	
0	432	14	0	
20	0	0	425	
14	0	0	434	
447	0	0	5	
0	441	12	0	
0	442	10	0	
438	0	0	10	
0	20	432	0	
436	0	0	13	
0	14	436	0	
0	15	440	0	
16	0	0	438	
448	0	0	11	
438	0	0	16	
444	0	0	11	
0	11	445	0	
439	0	0	17	
441	0	0	13	
0	11	442	0	
443	0	0	11	
0	15	437	0	
446	0	0	15	
17	0	0	449	
0	9	454	0	
0	12	456	0	
452	0	0	16	
18	0	0	455	
0	467	8	0	
10	0	0	467	
0	455	18	0	
0	452	11	0	
452	0	0	13	
0	446	17	0	
11	0	0	446	
0	433	16	0	
435	0	0	15	
18	0	0	435	
0	15	438	0	
10	0	0	445	
16	0	0	438	
0	10	454	0	
14	0	0	439	
434	0	0	19	
0	9	440	0	
432	0	0	18	
0	442	16	0	
441	0	0	19	
0	9	454	0	
444	0	0	14	
445	0	0	14	
14	0	0	442	
0	15	450	0	
17	0	0	446	
16	0	0	448	
11	0	0	450	
444	0	0	14	
12	0	0	443	
0	14	445	0	
8	0	0	451	
0	448	10	0	
0	449	12	0	
8	0	0	453	
0	444	17	0	
10	0	0	451	
0	442	15	0	
0	442	15	0	
443	0	0	15	
447	0	0	12	
441	0	0	16	
13	0	0	443	
0	13	447	0	
0	442	14	0	
14	0	0	448	
17	0	0	447	
442	0	0	15	
20	0	0	439	
0	6	448	0	
11	0	0	437	
19	0	0	429	
0	15	432	0	
437	0	0	9	
437	0	0	12	
442	0	0	9	
0	437	13	0	
0	441	14	0	
0	445	12	0	
11	0	0	449	
450	0	0	9	
449	0	0	13	
0	454	14	0	
0	443	13	0	
0	453	10	0	
0	450	9	0	
13	0	0	453	
446	0	0	17	
448	0	0	11	
11	0	0	449	
0	9	452	0	
13	0	0	450	
0	15	440	0	
439	0	0	17	
12	0	0	437	
0	14	433	0	
0	12	433	0	
12	0	0	440	
452	0	0	6	
6	0	0	455	
0	11	445	0	
8	0	0	450	
0	17	439	0	
0	14	440	0	
430	0	0	22	
0	20	433	0	
437	0	0	12	
15	0	0	443	
0	12	448	0	
0	14	440	0	
0	20	431	0	
0	446	8	0	
0	435	16	0	
15	0	0	435	
8	0	0	441	
16	0	0	428	
0	13	427	0	
0	9	436	0	
8	0	0	428	
420	0	0	12	
0	16	415	0	
0	19	408	0	
10	0	0	423	
429	0	0	15	
431	0	0	14	
7	0	0	439	
10	0	0	440	
429	0	0	19	
0	446	9	0	
0	13	432	0	
0	25	422	0	
9	0	0	433	
11	0	0	427	
427	0	0	13	
0	11	428	0	
432	0	0	7	
13	0	0	427	
0	13	431	0	
433	0	0	14	
0	13	430	0	
0	13	427	0	
14	0	0	424	
0	429	14	0	
428	0	0	13	
13	0	0	430	
0	10	433	0	
0	15	427	0	
0	12	427	0	
0	16	418	0	
9	0	0	428	
0	14	421	0	
0	11	422	0	
0	10	423	0	
0	12	421	0	
0	420	15	0	
0	417	13	0	
0	416	15	0	
11	0	0	420	
0	417	16	0	
418	0	0	15	
15	0	0	415	
13	0	0	415	
417	0	0	14	
21	0	0	411	
413	0	0	17	
0	12	415	0	
415	0	0	13	
15	0	0	416	
0	418	19	0	
14	0	0	430	
0	8	441	0	
0	13	436	0	
10	0	0	439	
438	0	0	8	
435	0	0	11	
0	8	435	0	
429	0	0	11	
425	0	0	15	
425	0	0	6	
417	0	0	14	
0	13	415	0	
415	0	0	12	
0	5	416	0	
410	0	0	16	
0	13	421	0	
0	421	11	0	
415	0	0	15	
11	0	0	420	
14	0	0	410	
0	9	422	0	
12	0	0	425	
0	422	16	0	
13	0	0	427	
0	431	11	0	
13	0	0	432	
0	5	442	0	
12	0	0	434	
0	8	437	0	
19	0	0	430	
0	434	11	0	
18	0	0	433	
0	435	20	0	
0	457	7	0	
0	450	16	0	
17	0	0	451	
0	462	12	0	
13	0	0	466	
0	462	14	0	
14	0	0	458	
0	462	15	0	
9	0	0	472	
0	466	11	0	
11	0	0	469	
0	464	17	0	
14	0	0	464	
0	464	16	0	
18	0	0	460	
0	464	12	0	
14	0	0	464	
0	459	12	0	
15	0	0	455	
0	463	11	0	
13	0	0	459	
0	458	12	0	
11	0	0	458	
0	455	14	0	
15	0	0	454	
0	457	10	0	
457	0	0	13	
14	0	0	455	
7	0	0	464	
16	0	0	460	
0	461	15	0	
10	0	0	458	
0	444	13	0	
11	0	0	447	
0	440	19	0	
19	0	0	431	
440	0	0	13	
14	0	0	431	
0	431	10	0	
13	0	0	425	
0	421	16	0	
430	0	0	10	
18	0	0	420	
17	0	0	421	
11	0	0	429	
0	426	14	0	
10	0	0	430	
0	423	17	0	
8	0	0	437	
0	430	11	0	
16	0	0	418	
0	421	12	0	
10	0	0	417	
0	415	9	0	
8	0	0	414	
0	414	9	0	
0	16	408	0	
0	401	22	0	
18	0	0	404	
417	0	0	12	
10	0	0	413	
0	415	9	0	
9	0	0	415	
0	408	18	0	
415	0	0	13	
17	0	0	418	
13	0	0	423	
6	0	0	432	
14	0	0	423	
11	0	0	419	
0	417	10	0	
9	0	0	417	
0	420	6	0	
10	0	0	417	
0	415	14	0	
5	0	0	424	
0	413	11	0	
5	0	0	423	
0	413	15	0	
7	0	0	424	
0	429	8	0	
13	0	0	430	
12	0	0	438	
10	0	0	445	
0	438	16	0	
12	0	0	452	
0	453	8	0	
9	0	0	454	
0	453	11	0	
0	456	15	0	
10	0	0	465	
0	454	18	0	
11	0	0	463	
0	13	459	0	
9	0	0	466	
0	463	13	0	
13	0	0	459	
12	0	0	458	
11	0	0	459	
15	0	0	459	
0	463	12	0	
0	461	13	0	
0	463	18	0	
472	0	0	11	
0	467	15	0	
0	478	8	0	
471	0	0	15	
477	0	0	12	
0	18	474	0	
10	0	0	481	
0	12	478	0	
477	0	0	12	
0	12	479	0	
0	18	472	0	
479	0	0	12	
16	0	0	465	
0	18	460	0	
0	457	18	0	
0	14	459	0	
468	0	0	10	
463	0	0	18	
0	13	464	0	
467	0	0	11	
0	17	457	0	
464	0	0	11	
466	0	0	10	
0	10	467	0	
0	18	457	0	
15	0	0	463	
0	21	454	0	
0	27	444	0	
0	449	25	0	
9	0	0	466	
0	15	463	0	
14	0	0	458	
0	451	16	0	
15	0	0	458	
0	17	457	0	
0	457	14	0	
461	0	0	13	
448	0	0	20	
453	0	0	14	
0	445	18	0	
0	453	12	0	
452	0	0	14	
0	13	449	0	
0	11	451	0	
451	0	0	18	
456	0	0	12	
0	18	457	0	
460	0	0	9	
0	13	455	0	
451	0	0	14	
0	20	445	0	
0	455	10	0	
0	449	11	0	
0	454	9	0	
10	0	0	450	
0	443	11	0	
433	0	0	17	
0	442	16	0	
0	452	6	0	
0	13	441	0	
0	13	442	0	
0	17	437	0	
446	0	0	13	
446	0	0	11	
0	455	8	0	
0	448	17	0	
0	452	10	0	
0	10	455	0	
10	0	0	462	
0	449	15	0	
0	459	15	0	
460	0	0	14	
0	12	459	0	
0	464	12	0	
15	0	0	460	
0	20	453	0	
0	461	9	0	
0	456	16	0	
458	0	0	12	
0	447	14	0	
0	441	20	0	
9	0	0	464	
11	0	0	461	
0	14	455	0	
451	0	0	20	
457	0	0	17	
0	452	11	0	
17	0	0	454	
14	0	0	456	
0	9	458	0	
0	10	458	0	
452	0	0	12	
0	459	9	0	
13	0	0	459	
13	0	0	452	
0	452	11	0	
0	440	17	0	
450	0	0	12	
454	0	0	18	
0	19	455	0	
0	463	13	0	
0	462	18	0	
18	0	0	467	
0	468	15	0	
0	470	13	0	
472	0	0	11	
0	12	476	0	
473	0	0	13	
475	0	0	12	
0	480	15	0	
18	0	0	477	
0	10	484	0	
14	0	0	476	
0	18	477	0	
479	0	0	13	
0	13	480	0	
0	14	483	0	
0	11	480	0	
475	0	0	14	
15	0	0	482	
476	0	0	13	
475	0	0	11	
469	0	0	16	
14	0	0	464	
0	16	462	0	
11	0	0	464	
473	0	0	8	
17	0	0	461	
0	20	453	0	
466	0	0	14	
10	0	0	471	
13	0	0	461	
12	0	0	460	
10	0	0	467	
456	0	0	17	
459	0	0	15	
466	0	0	15	
0	11	466	0	
19	0	0	464	
0	466	22	0	
0	12	469	0	
0	458	23	0	
0	463	14	0	
0	464	12	0	
459	0	0	15	
0	15	455	0	
10	0	0	459	
0	19	450	0	
12	0	0	445	
0	15	445	0	
10	0	0	447	
0	14	441	0	
0	16	432	0	
13	0	0	433	
432	0	0	14	
12	0	0	440	
15	0	0	433	
16	0	0	428	
9	0	0	431	
0	15	422	0	
7	0	0	427	
17	0	0	416	
10	0	0	422	
23	0	0	409	
0	17	418	0	
410	0	0	20	
0	418	9	0	
12	0	0	415	
417	0	0	15	
418	0	0	12	
11	0	0	414	
416	0	0	13	
0	418	13	0	
421	0	0	10	
408	0	0	19	
0	418	12	0	
0	417	14	0	
16	0	0	418	
0	14	423	0	
424	0	0	10	
409	0	0	17	
413	0	0	16	
414	0	0	16	
0	425	9	0	
432	0	0	14	
15	0	0	427	
9	0	0	428	
15	0	0	416	
10	0	0	416	
0	409	18	0	
0	423	8	0	
0	422	9	0	
0	421	12	0	
10	0	0	423	
0	427	9	0	
425	0	0	11	
0	428	8	0	
10	0	0	426	
0	423	15	0	
0	424	8	0	
417	0	0	15	
0	416	16	0	
0	427	8	0	
8	0	0	427	
0	11	426	0	
422	0	0	15	
0	13	426	0	
0	422	12	0	
419	0	0	15	
419	0	0	13	
18	0	0	421	
427	0	0	13	
8	0	0	435	
0	433	12	0	
13	0	0	426	
0	20	425	0	
436	0	0	14	
0	17	435	0	
8	0	0	438	
0	13	438	0	
0	16	439	0	
0	442	11	0	
16	0	0	440	
9	0	0	454	
450	0	0	12	
446	0	0	12	
0	9	445	0	
0	8	448	0	
10	0	0	446	
439	0	0	14	
0	445	12	0	
9	0	0	445	
0	447	12	0	
446	0	0	6	
0	6	443	0	
0	14	437	0	
437	0	0	16	
0	434	20	0	
446	0	0	7	
0	438	10	0	
439	0	0	14	
441	0	0	7	
0	427	19	0	
434	0	0	16	
444	0	0	13	
444	0	0	13	
0	7	446	0	
0	14	442	0	
446	0	0	15	
0	23	438	0	
450	0	0	10	
445	0	0	15	
450	0	0	8	
9	0	0	447	
0	11	443	0	
13	0	0	436	
0	431	17	0	
0	444	7	0	
0	438	16	0	
448	0	0	11	
16	0	0	439	
0	21	439	0	
0	447	18	0	
447	0	0	11	
0	449	15	0	
452	0	0	11	
445	0	0	14	
0	14	451	0	
0	11	455	0	
9	0	0	456	
0	8	458	0	
0	460	9	0	
455	0	0	18	
0	457	14	0	
0	466	13	0	
0	469	8	0	
464	0	0	14	
15	0	0	465	
0	9	467	0	
0	468	13	0	
0	468	10	0	
11	0	0	469	
0	16	466	0	
0	15	468	0	
0	13	461	0	
13	0	0	459	
465	0	0	10	
464	0	0	12	
466	0	0	11	
0	15	464	0	
0	459	14	0	
467	0	0	13	
0	11	477	0	
0	475	7	0	
0	457	17	0	
11	0	0	465	
0	15	465	0	
0	17	462	0	
0	464	7	0	
458	0	0	13	
0	458	15	0	
455	0	0	18	
0	15	459	0	
462	0	0	12	
0	14	455	0	
0	8	462	0	
0	15	456	0	
463	0	0	14	
453	0	0	22	
0	10	463	0	
0	464	11	0	
459	0	0	8	
0	453	13	0	
460	0	0	10	
0	458	9	0	
457	0	0	9	
0	10	456	0	
0	14	454	0	
0	449	17	0	
13	0	0	452	
0	459	10	0	
448	0	0	15	
0	17	441	0	
0	9	448	0	
0	12	447	0	
455	0	0	8	
8	0	0	452	
0	457	10	0	
7	0	0	462	
0	12	460	0	
0	455	13	0	
16	0	0	447	
451	0	0	12	
14	0	0	446	
12	0	0	447	
0	444	12	0	
438	0	0	15	
16	0	0	442	
12	0	0	446	
0	445	12	0	
13	0	0	441	
11	0	0	446	
8	0	0	444	
0	12	444	0	
13	0	0	444	
0	7	447	0	
14	0	0	437	
0	12	437	0	
442	0	0	12	
0	441	14	0	
0	439	12	0	
0	433	13	0	
12	0	0	436	
0	13	437	0	
0	18	438	0	
0	15	443	0	
0	438	20	0	
439	0	0	17	
436	0	0	21	
0	15	437	0	
0	434	12	0	
0	436	16	0	
434	0	0	19	
15	0	0	438	
0	13	445	0	
445	0	0	6	
441	0	0	11	
8	0	0	439	
0	13	435	0	
0	21	421	0	
419	0	0	13	
0	15	423	0	
0	425	17	0	
14	0	0	425	
12	0	0	422	
0	420	13	0	
431	0	0	7	
0	8	423	0	
10	0	0	430	
0	424	12	0	
428	0	0	9	
0	433	9	0	
0	425	12	0	
0	421	16	0	
0	426	12	0	
425	0	0	11	
10	0	0	425	
11	0	0	425	
15	0	0	422	
0	14	424	0	
9	0	0	431	
420	0	0	15	
430	0	0	6	
12	0	0	417	
0	15	411	0	
0	8	420	0	
0	10	420	0	
420	0	0	10	
9	0	0	422	
12	0	0	420	
19	0	0	416	
431	0	0	10	
424	0	0	13	
12	0	0	426	
16	0	0	420	
0	13	422	0	
16	0	0	418	
0	14	420	0	
0	422	13	0	
11	0	0	425	
4	0	0	441	
0	12	429	0	
0	417	18	0	
0	422	13	0	
0	409	22	0	
17	0	0	422	
0	12	429	0	
0	424	11	0	
0	430	11	0	
5	0	0	442	
0	443	14	0	
0	437	16	0	
8	0	0	440	
13	0	0	437	
9	0	0	442	
7	0	0	444	
0	13	435	0	
439	0	0	9	
0	17	426	0	
0	8	431	0	
0	14	425	0	
0	424	10	0	
7	0	0	427	
0	8	438	0	
10	0	0	442	
444	0	0	16	
0	8	456	0	
448	0	0	18	
0	12	453	0	
457	0	0	8	
464	0	0	11	
461	0	0	14	
458	0	0	11	
0	13	460	0	
469	0	0	15	
16	0	0	477	
0	13	478	0	
21	0	0	467	
0	469	16	0	
468	0	0	14	
463	0	0	18	
452	0	0	24	
0	13	466	0	
14	0	0	464	
458	0	0	20	
17	0	0	457	
15	0	0	458	
10	0	0	466	
13	0	0	457	
0	10	462	0	
8	0	0	458	
450	0	0	11	
452	0	0	12	
17	0	0	442	
0	450	10	0	
13	0	0	444	
0	20	430	0	
0	12	448	0	
0	447	13	0	
11	0	0	447	
0	11	444	0	
0	9	450	0	
0	11	448	0	
0	445	13	0	
0	15	442	0	
17	0	0	439	
0	14	441	0	
0	14	440	0	
11	0	0	442	
0	10	443	0	
0	19	442	0	
0	446	16	0	
7	0	0	455	
0	435	14	0	
433	0	0	12	
16	0	0	429	
0	15	428	0	
0	424	13	0	
0	432	9	0	
14	0	0	423	
0	19	411	0	
14	0	0	413	
423	0	0	11	
426	0	0	10	
12	0	0	416	
0	407	13	0	
0	408	8	0	
9	0	0	412	
410	0	0	10	
0	12	407	0	
0	407	11	0	
413	0	0	7	
0	407	16	0	
12	0	0	416	
14	0	0	413	
11	0	0	420	
0	12	420	0	
0	16	412	0	
14	0	0	415	
423	0	0	10	
0	13	423	0	
0	12	424	0	
0	421	15	0	
9	0	0	427	
0	15	422	0	
437	0	0	4	
0	436	12	0	
0	11	430	0	
0	411	21	0	
0	15	413	0	
410	0	0	16	
0	13	413	0	
420	0	0	10	
0	5	428	0	
0	9	433	0	
441	0	0	11	
0	440	12	0	
12	0	0	440	
0	16	440	0	
0	445	8	0	
5	0	0	442	
16	0	0	437	
0	15	440	0	
450	0	0	7	
0	21	434	0	
0	444	12	0	
0	439	16	0	
0	442	9	0	
433	0	0	12	
438	0	0	9	
0	6	438	0	
438	0	0	9	
0	17	426	0	
11	0	0	431	
16	0	0	429	
11	0	0	433	
0	12	441	0	
441	0	0	8	
0	19	437	0	
441	0	0	18	
12	0	0	451	
0	449	13	0	
446	0	0	14	
0	16	440	0	
0	442	11	0	
0	438	8	0	
19	0	0	431	
0	17	434	0	
0	9	443	0	
0	12	438	0	
0	430	12	0	
431	0	0	15	
438	0	0	10	
19	0	0	429	
440	0	0	11	
14	0	0	439	
11	0	0	438	
0	8	446	0	
16	0	0	438	
0	8	446	0	
444	0	0	10	
0	12	436	0	
433	0	0	14	
14	0	0	429	
15	0	0	423	
0	413	15	0	
0	420	7	0	
417	0	0	9	
9	0	0	411	
0	411	13	0	
10	0	0	417	
0	403	19	0	
8	0	0	413	
403	0	0	18	
0	410	14	0	
412	0	0	12	
422	0	0	8	
420	0	0	11	
428	0	0	8	
424	0	0	12	
11	0	0	423	
419	0	0	11	
419	0	0	13	
413	0	0	17	
422	0	0	10	
14	0	0	417	
418	0	0	10	
407	0	0	21	
404	0	0	17	
407	0	0	10	
7	0	0	408	
403	0	0	14	
0	10	404	0	
0	401	8	0	
0	403	8	0	
409	0	0	11	
0	8	405	0	
14	0	0	398	
0	395	13	0	
392	0	0	11	
11	0	0	397	
0	8	395	0	
0	8	394	0	
15	0	0	390	
0	13	387	0	
12	0	0	385	
0	387	14	0	
381	0	0	12	
0	383	11	0	
378	0	0	18	
0	385	12	0	
391	0	0	8	
0	383	13	0	
0	390	10	0	
14	0	0	385	
0	14	391	0	
8	0	0	395	
390	0	0	12	
0	6	402	0	
10	0	0	400	
0	393	17	0	
0	406	6	0	
0	401	15	0	
408	0	0	13	
0	16	406	0	
0	406	9	0	
15	0	0	402	
410	0	0	9	
0	402	15	0	
411	0	0	13	
8	0	0	426	
0	9	428	0	
0	14	420	0	
0	8	426	0	
419	0	0	13	
0	13	421	0	
0	16	418	0	
0	428	10	0	
6	0	0	436	
0	10	432	0	
433	0	0	8	
0	8	436	0	
0	13	432	0	
0	441	10	0	
0	17	434	0	
0	11	432	0	
0	12	430	0	
437	0	0	9	
0	19	437	0	
0	11	455	0	
455	0	0	12	
14	0	0	456	
0	444	19	0	
449	0	0	16	
0	443	26	0	
14	0	0	455	
21	0	0	446	
0	18	450	0	
470	0	0	5	
0	15	462	0	
0	469	14	0	
13	0	0	473	
10	0	0	474	
0	10	471	0	
0	15	462	0	
0	13	460	0	
459	0	0	15	
0	16	457	0	
452	0	0	15	
20	0	0	445	
0	445	16	0	
0	11	447	0	
443	0	0	12	
0	17	436	0	
0	15	437	0	
0	444	14	0	
17	0	0	434	
0	13	434	0	
0	435	10	0	
426	0	0	13	
0	10	426	0	
11	0	0	429	
0	11	434	0	
433	0	0	12	
0	16	432	0	
0	431	14	0	
8	0	0	437	
425	0	0	16	
10	0	0	430	
0	7	435	0	
436	0	0	10	
15	0	0	424	
12	0	0	429	
0	12	427	0	
14	0	0	428	
441	0	0	5	
0	435	13	0	
0	428	14	0	
419	0	0	17	
0	421	9	0	
11	0	0	417	
0	12	418	0	
0	425	11	0	
419	0	0	16	
0	423	13	0	
21	0	0	413	
0	429	7	0	
0	419	19	0	
412	0	0	19	
0	17	411	0	
0	17	399	0	
0	407	9	0	
13	0	0	408	
0	13	409	0	
0	12	411	0	
0	9	413	0	
0	402	18	0	
0	16	407	0	
416	0	0	8	
0	412	14	0	
420	0	0	11	
0	12	421	0	
422	0	0	15	
0	9	427	0	
427	0	0	10	
0	12	426	0	
426	0	0	14	
0	13	429	0	
434	0	0	11	
0	433	15	0	
0	432	10	0	
0	433	7	0	
17	0	0	420	
0	8	432	0	
13	0	0	430	
0	425	15	0	
11	0	0	428	
0	431	14	0	
433	0	0	12	
0	7	437	0	
425	0	0	15	
429	0	0	18	
443	0	0	6	
438	0	0	13	
444	0	0	11	
441	0	0	11	
445	0	0	9	
439	0	0	12	
441	0	0	15	
439	0	0	14	
435	0	0	19	
435	0	0	19	
447	0	0	12	
444	0	0	16	
0	10	444	0	
13	0	0	437	
430	0	0	15	
0	433	13	0	
10	0	0	433	
14	0	0	436	
16	0	0	444	
0	7	454	0	
16	0	0	445	
447	0	0	12	
450	0	0	11	
8	0	0	453	
0	447	17	0	
14	0	0	455	
0	12	458	0	
13	0	0	459	
465	0	0	11	
469	0	0	14	
0	14	463	0	
0	14	463	0	
17	0	0	461	
15	0	0	462	
10	0	0	462	
453	0	0	18	
11	0	0	460	
17	0	0	452	
15	0	0	460	
0	459	13	0	
455	0	0	18	
467	0	0	12	
0	458	11	0	
460	0	0	19	
0	477	8	0	
468	0	0	10	
0	462	16	0	
457	0	0	20	
0	462	15	0	
448	0	0	21	
450	0	0	14	
453	0	0	13	
445	0	0	15	
448	0	0	14	
442	0	0	21	
443	0	0	21	
0	14	449	0	
15	0	0	451	
0	20	448	0	
11	0	0	461	
448	0	0	15	
7	0	0	453	
456	0	0	10	
19	0	0	452	
0	11	458	0	
0	443	24	0	
12	0	0	461	
0	446	20	0	
0	447	18	0	
448	0	0	14	
0	448	13	0	
0	17	452	0	
460	0	0	8	
12	0	0	456	
0	11	456	0	
0	446	12	0	
0	442	13	0	
11	0	0	440	
0	11	430	0	
14	0	0	416	
0	12	425	0	
424	0	0	11	
427	0	0	4	
13	0	0	416	
421	0	0	10	
17	0	0	414	
420	0	0	9	
0	413	19	0	
412	0	0	18	
0	426	9	0	
422	0	0	10	
0	413	9	0	
414	0	0	12	
0	415	12	0	
413	0	0	12	
0	418	11	0	
0	416	11	0	
419	0	0	11	
0	417	16	0	
423	0	0	13	
14	0	0	424	
0	418	18	0	
420	0	0	15	
11	0	0	425	
419	0	0	13	
7	0	0	428	
415	0	0	14	
0	419	10	0	
0	414	11	0	
411	0	0	8	
410	0	0	10	
0	13	409	0	
0	411	13	0	
0	414	8	0	
12	0	0	415	
0	13	420	0	
0	9	422	0	
0	425	9	0	
13	0	0	413	
0	11	419	0	
15	0	0	417	
0	13	415	0	
13	0	0	420	
0	427	7	0	
14	0	0	424	
14	0	0	429	
0	426	15	0	
15	0	0	424	
0	433	10	0	
432	0	0	14	
0	436	6	0	
432	0	0	11	
434	0	0	13	
440	0	0	10	
11	0	0	439	
0	15	440	0	
0	446	11	0	
436	0	0	14	
0	435	16	0	
11	0	0	435	
0	12	435	0	
0	437	12	0	
16	0	0	424	
425	0	0	11	
0	22	409	0	
0	10	423	0	
0	423	18	0	
425	0	0	13	
0	429	13	0	
0	431	16	0	
431	0	0	17	
0	439	12	0	
0	440	15	0	
0	445	12	0	
0	445	14	0	
0	446	16	0	
463	0	0	11	
0	13	457	0	
8	0	0	460	
14	0	0	458	
0	456	14	0	
18	0	0	451	
447	0	0	12	
0	19	452	0	
456	0	0	10	
449	0	0	10	
13	0	0	444	
0	434	17	0	
440	0	0	14	
0	442	5	0	
427	0	0	18	
0	441	13	0	
0	446	10	0	
444	0	0	11	
0	7	443	0	
0	439	11	0	
0	434	18	0	
447	0	0	10	
0	11	447	0	
15	0	0	450	
13	0	0	453	
0	449	12	0	
449	0	0	12	
0	446	10	0	
0	438	17	0	
0	442	11	0	
10	0	0	439	
0	439	15	0	
0	447	10	0	
444	0	0	17	
0	13	450	0	
446	0	0	14	
9	0	0	464	
0	15	459	0	
0	6	471	0	
11	0	0	459	
15	0	0	448	
0	458	10	0	
452	0	0	9	
0	438	19	0	
0	445	10	0	
0	432	18	0	
14	0	0	439	
0	449	4	0	
442	0	0	14	
432	0	0	19	
0	432	10	0	
18	0	0	429	
17	0	0	431	
0	435	11	0	
435	0	0	14	
10	0	0	446	
443	0	0	14	
439	0	0	9	
442	0	0	8	
441	0	0	12	
0	14	439	0	
19	0	0	442	
19	0	0	445	
0	452	13	0	
0	450	13	0	
0	453	11	0	
14	0	0	446	
447	0	0	11	
0	452	12	0	
0	455	7	0	
12	0	0	449	
438	0	0	18	
437	0	0	14	
12	0	0	433	
0	428	16	0	
14	0	0	439	
436	0	0	14	
0	443	9	0	
17	0	0	437	
0	16	437	0	
449	0	0	9	
0	455	13	0	
459	0	0	13	
0	21	447	0	
0	13	454	0	
0	455	12	0	
15	0	0	445	
0	441	15	0	
447	0	0	11	
14	0	0	444	
0	445	12	0	
0	442	10	0	
0	436	12	0	
0	426	16	0	
0	14	426	0	
424	0	0	16	
0	423	11	0	
0	422	13	0	
16	0	0	416	
424	0	0	15	
428	0	0	8	
12	0	0	422	
20	0	0	422	
13	0	0	428	
10	0	0	434	
425	0	0	12	
432	0	0	15	
434	0	0	14	
0	14	434	0	
430	0	0	19	
14	0	0	437	
14	0	0	432	
9	0	0	437	
0	443	9	0	
0	438	16	0	
7	0	0	435	
427	0	0	14	
0	14	425	0	
0	15	418	0	
414	0	0	14	
0	12	415	0	
0	412	15	0	
15	0	0	413	
0	15	420	0	
0	427	11	0	
424	0	0	10	
0	10	427	0	
13	0	0	419	
0	7	423	0	
0	7	423	0	
0	10	416	0	
402	0	0	12	
394	0	0	12	
11	0	0	402	
0	396	15	0	
0	401	10	0	
16	0	0	405	
0	18	402	0	
0	12	403	0	
403	0	0	15	
0	408	10	0	
0	405	11	0	
15	0	0	408	
0	419	10	0	
421	0	0	13	
0	13	426	0	
0	435	6	0	
0	431	13	0	
13	0	0	429	
0	14	427	0	
0	13	430	0	
432	0	0	12	
0	427	13	0	
433	0	0	11	
424	0	0	13	
435	0	0	10	
0	2	435	0	
429	0	0	12	
435	0	0	12	
0	429	17	0	
442	0	0	11	
0	15	439	0	
0	441	13	0	
11	0	0	442	
0	4	447	0	
0	439	13	0	
432	0	0	14	
0	9	444	0	
0	9	448	0	
7	0	0	457	
0	460	7	0	
463	0	0	9	
6	0	0	474	
14	0	0	464	
0	454	16	0	
8	0	0	461	
0	456	10	0	
459	0	0	18	
19	0	0	455	
0	9	467	0	
15	0	0	469	
0	12	471	0	
13	0	0	470	
0	12	466	0	
0	9	472	0	
464	0	0	17	
0	454	24	0	
460	0	0	18	
0	466	11	0	
463	0	0	12	
0	16	465	0	
473	0	0	14	
461	0	0	21	
0	16	469	0	
0	465	18	0	
21	0	0	458	
0	469	13	0	
18	0	0	465	
0	11	475	0	
0	472	8	0	
0	461	24	0	
20	0	0	463	
0	18	462	0	
0	461	16	0	
0	462	16	0	
11	0	0	458	
11	0	0	459	
14	0	0	451	
0	19	443	0	
0	445	19	0	
11	0	0	447	
0	12	448	0	
0	8	451	0	
0	445	13	0	
0	454	8	0	
445	0	0	18	
0	11	455	0	
0	448	11	0	
15	0	0	443	
0	14	442	0	
0	17	443	0	
0	13	445	0	
0	442	12	0	
9	0	0	440	
0	13	443	0	
445	0	0	10	
0	17	438	0	
0	435	13	0	
0	11	440	0	
0	13	431	0	
0	10	423	0	
0	424	8	0	
0	420	14	0	
17	0	0	415	
0	12	418	0	
0	8	425	0	
0	9	420	0	
414	0	0	17	
428	0	0	10	
7	0	0	433	
18	0	0	416	
420	0	0	11	
415	0	0	18	
0	13	422	0	
0	22	417	0	
0	435	10	0	
17	0	0	422	
0	13	427	0	
0	426	16	0	
431	0	0	12	
0	16	422	0	
0	6	436	0	
0	17	426	0	
13	0	0	432	
12	0	0	437	
0	17	433	0	
0	15	434	0	
16	0	0	429	
0	438	5	0	
0	427	13	0	
0	423	17	0	
424	0	0	11	
0	10	423	0	
0	14	418	0	
0	428	5	0	
418	0	0	13	
0	14	415	0	
9	0	0	425	
0	425	11	0	
11	0	0	422	
19	0	0	413	
0	13	417	0	
0	421	11	0	
12	0	0	418	
0	13	409	0	
408	0	0	14	
407	0	0	18	
0	16	411	0	
0	421	8	0	
13	0	0	418	
12	0	0	424	
0	15	424	0	
0	425	16	0	
0	432	10	0	
427	0	0	15	
0	424	17	0	
419	0	0	22	
15	0	0	422	
0	418	14	0	
0	424	12	0	
0	428	10	0	
0	428	10	0	
0	433	11	0	
423	0	0	14	
0	18	411	0	
0	410	10	0	
0	411	13	0	
16	0	0	404	
0	404	16	0	
0	413	12	0	
11	0	0	417	
0	9	415	0	
0	14	412	0	
413	0	0	14	
8	0	0	419	
16	0	0	410	
7	0	0	417	
0	16	407	0	
0	413	10	0	
0	413	11	0	
407	0	0	17	
0	14	411	0	
0	11	412	0	
410	0	0	16	
8	0	0	416	
0	412	12	0	
0	420	8	0	
414	0	0	13	
412	0	0	11	
0	17	406	0	
411	0	0	9	
0	14	403	0	
0	397	18	0	
406	0	0	9	
15	0	0	404	
0	13	411	0	
0	12	407	0	
405	0	0	13	
0	408	7	0	
9	0	0	420	
19	0	0	411	
19	0	0	411	
413	0	0	21	
0	8	426	0	
0	13	418	0	
421	0	0	13	
416	0	0	13	
12	0	0	418	
15	0	0	416	
0	407	18	0	
0	415	11	0	
10	0	0	421	
0	10	413	0	
0	10	415	0	
14	0	0	415	
0	12	417	0	
0	8	423	0	
417	0	0	10	
0	13	410	0	
0	11	412	0	
411	0	0	9	
0	15	409	0	
15	0	0	409	
0	10	410	0	
404	0	0	15	
411	0	0	9	
0	15	409	0	
415	0	0	15	
421	0	0	5	
415	0	0	14	
414	0	0	15	
12	0	0	419	
0	13	422	0	
17	0	0	416	
0	7	423	0	
412	0	0	15	
0	409	13	0	
406	0	0	11	
0	10	407	0	
0	10	408	0	
0	15	406	0	
9	0	0	418	
0	14	415	0	
15	0	0	415	
0	415	14	0	
0	413	14	0	
13	0	0	415	
418	0	0	7	
414	0	0	15	
0	10	412	0	
0	410	10	0	
0	412	11	0	
0	405	13	0	
0	402	18	0	
0	16	410	0	
414	0	0	12	
12	0	0	417	
0	415	16	0	
9	0	0	419	
410	0	0	16	
0	417	10	0	
410	0	0	16	
0	8	418	0	
0	12	412	0	
409	0	0	12	
415	0	0	13	
0	12	409	0	
407	0	0	17	
413	0	0	14	
415	0	0	16	
423	0	0	14	
0	424	10	0	
13	0	0	417	
0	6	428	0	
0	8	425	0	
423	0	0	11	
417	0	0	13	
415	0	0	8	
17	0	0	411	
415	0	0	11	
413	0	0	11	
0	9	417	0	
419	0	0	10	
0	417	8	0	
9	0	0	418	
0	13	415	0	
420	0	0	16	
0	17	423	0	
0	10	426	0	
432	0	0	9	
0	420	15	0	
8	0	0	427	
14	0	0	422	
426	0	0	11	
0	18	421	0	
5	0	0	432	
13	0	0	422	
13	0	0	427	
428	0	0	12	
420	0	0	16	
0	16	417	0	
420	0	0	12	
14	0	0	412	
0	11	413	0	
14	0	0	405	
11	0	0	408	
0	403	16	0	
0	405	12	0	
10	0	0	413	
420	0	0	13	
0	423	13	0	
7	0	0	432	
0	427	19	0	
442	0	0	9	
0	15	443	0	
0	431	24	0	
0	437	18	0	
9	0	0	442	
0	440	10	0	
13	0	0	429	
430	0	0	11	
0	9	433	0	
0	433	13	0	
13	0	0	426	
13	0	0	430	
16	0	0	429	
18	0	0	426	
0	9	441	0	
6	0	0	444	
0	6	441	0	
0	439	15	0	
17	0	0	435	
433	0	0	13	
0	437	13	0	
428	0	0	23	
0	8	442	0	
16	0	0	429	
13	0	0	435	
0	436	13	0	
19	0	0	423	
0	11	437	0	
0	13	431	0	
0	9	435	0	
436	0	0	7	
427	0	0	16	
0	431	12	0	
444	0	0	14	
0	14	442	0	
443	0	0	13	
0	447	14	0	
7	0	0	457	
0	450	10	0	
0	447	15	0	
10	0	0	453	
0	453	19	0	
16	0	0	453	
0	450	16	0	
17	0	0	453	
0	463	10	0	
0	458	14	0	
15	0	0	448	
0	10	446	0	
445	0	0	15	
446	0	0	13	
440	0	0	13	
446	0	0	9	
0	445	11	0	
0	439	13	0	
451	0	0	9	
0	442	15	0	
12	0	0	445	
12	0	0	440	
0	435	14	0	
0	456	5	0	
0	447	10	0	
13	0	0	444	
0	446	16	0	
0	443	19	0	
0	14	450	0	
0	451	11	0	
449	0	0	12	
0	9	452	0	
0	447	16	0	
451	0	0	13	
11	0	0	455	
11	0	0	459	
462	0	0	12	
0	12	464	0	
464	0	0	15	
18	0	0	471	
15	0	0	474	
16	0	0	475	
0	479	8	0	
466	0	0	21	
0	466	18	0	
0	463	17	0	
453	0	0	14	
454	0	0	9	
0	18	444	0	
438	0	0	16	
14	0	0	437	
0	14	437	0	
23	0	0	424	
0	431	15	0	
13	0	0	428	
16	0	0	423	
0	13	429	0	
0	430	12	0	
20	0	0	412	
17	0	0	413	
0	13	422	0	
18	0	0	421	
0	18	412	0	
0	12	416	0	
0	12	416	0	
418	0	0	6	
416	0	0	11	
414	0	0	20	
0	12	412	0	
413	0	0	14	
0	413	13	0	
12	0	0	414	
16	0	0	411	
0	415	10	0	
0	411	14	0	
410	0	0	13	
408	0	0	13	
0	12	408	0	
0	15	404	0	
408	0	0	12	
14	0	0	403	
0	8	411	0	
0	410	8	0	
0	402	10	0	
10	0	0	403	
0	10	396	0	
0	7	394	0	
390	0	0	12	
0	14	390	0	
384	0	0	10	
0	11	381	0	
383	0	0	10	
0	15	386	0	
0	13	386	0	
383	0	0	17	
0	19	388	0	
0	14	393	0	
405	0	0	8	
17	0	0	398	
0	10	408	0	
0	9	412	0	
402	0	0	18	
407	0	0	17	
417	0	0	13	
16	0	0	418	
0	15	420	0	
4	0	0	433	
0	427	12	0	
0	432	10	0	
18	0	0	426	
0	10	434	0	
0	427	15	0	
15	0	0	426	
0	425	11	0	
13	0	0	425	
0	422	17	0	
9	0	0	435	
433	0	0	9	
435	0	0	12	
441	0	0	13	
0	437	12	0	
442	0	0	11	
0	18	440	0	
443	0	0	10	
6	0	0	448	
442	0	0	17	
0	9	448	0	
446	0	0	10	
0	451	6	0	
451	0	0	9	
0	11	452	0	
452	0	0	13	
14	0	0	455	
0	11	458	0	
0	463	7	0	
459	0	0	15	
0	17	457	0	
0	449	18	0	
0	450	15	0	
459	0	0	12	
0	14	456	0	
457	0	0	12	
0	442	17	0	
446	0	0	19	
0	13	453	0	
448	0	0	12	
454	0	0	9	
453	0	0	10	
461	0	0	5	
13	0	0	452	
449	0	0	17	
0	16	454	0	
12	0	0	460	
13	0	0	453	
16	0	0	444	
453	0	0	13	
17	0	0	446	
0	450	7	0	
20	0	0	439	
21	0	0	439	
0	14	443	0	
0	439	19	0	
13	0	0	446	
0	16	443	0	
451	0	0	9	
0	17	440	0	
0	11	435	0	
7	0	0	440	
16	0	0	430	
14	0	0	422	
0	433	9	0	
16	0	0	428	
429	0	0	13	
427	0	0	16	
17	0	0	422	
0	12	422	0	
13	0	0	427	
429	0	0	8	
11	0	0	427	
12	0	0	426	
18	0	0	416	
0	14	420	0	
420	0	0	19	
433	0	0	11	
423	0	0	16	
0	10	436	0	
428	0	0	22	
0	11	442	0	
0	16	433	0	
0	434	13	0	
0	429	17	0	
9	0	0	436	
0	16	430	0	
0	14	431	0	
0	8	435	0	
9	0	0	440	
0	438	6	0	
10	0	0	430	
423	0	0	13	
0	11	428	0	
418	0	0	15	
417	0	0	14	
0	18	411	0	
8	0	0	423	
0	426	10	0	
11	0	0	426	
420	0	0	14	
0	417	16	0	
0	418	18	0	
0	415	11	0	
412	0	0	16	
0	10	414	0	
415	0	0	11	
0	11	414	0	
0	10	418	0	
0	15	414	0	
0	426	10	0	
12	0	0	426	
0	414	22	0	
17	0	0	421	
0	16	420	0	
8	0	0	425	
0	12	418	0	
13	0	0	414	
18	0	0	410	
0	13	413	0	
10	0	0	414	
0	15	408	0	
0	407	9	0	
400	0	0	16	
0	404	11	0	
0	20	387	0	
0	391	7	0	
383	0	0	12	
377	0	0	13	
371	0	0	13	
0	10	370	0	
367	0	0	13	
8	0	0	376	
370	0	0	17	
381	0	0	9	
0	12	383	0	
392	0	0	7	
388	0	0	10	
0	393	10	0	
0	385	12	0	
9	0	0	390	
14	0	0	387	
0	392	12	0	
0	391	13	0	
0	412	7	0	
16	0	0	403	
0	14	411	0	
10	0	0	415	
0	8	419	0	
0	12	409	0	
0	11	418	0	
428	0	0	5	
0	12	415	0	
12	0	0	420	
12	0	0	415	
0	425	4	0	
0	422	8	0	
421	0	0	12	
0	8	421	0	
427	0	0	5	
0	15	411	0	
0	411	12	0	
0	423	9	0	
430	0	0	7	
0	13	423	0	
7	0	0	431	
9	0	0	432	
18	0	0	427	
20	0	0	430	
0	442	13	0	
440	0	0	14	
17	0	0	440	
454	0	0	10	
451	0	0	10	
446	0	0	14	
0	450	15	0	
456	0	0	13	
0	453	15	0	
0	462	13	0	
0	468	6	0	
460	0	0	15	
10	0	0	460	
0	450	20	0	
0	13	453	0	
0	10	457	0	
13	0	0	453	
0	22	440	0	
447	0	0	18	
0	444	14	0	
10	0	0	453	
0	13	454	0	
11	0	0	459	
0	18	445	0	
16	0	0	442	
19	0	0	429	
0	432	19	0	
429	0	0	13	
0	9	432	0	
423	0	0	12	
0	14	423	0	
11	0	0	422	
0	11	424	0	
421	0	0	13	
0	17	418	0	
22	0	0	416	
12	0	0	431	
0	427	10	0	
431	0	0	9	
0	434	11	0	
434	0	0	13	
0	433	14	0	
0	428	21	0	
425	0	0	11	
16	0	0	416	
0	418	13	0	
0	414	17	0	
12	0	0	416	
0	14	414	0	
413	0	0	12	
0	402	17	0	
0	408	16	0	
14	0	0	418	
0	10	418	0	
0	418	8	0	
0	418	13	0	
0	413	15	0	
10	0	0	417	
0	12	419	0	
414	0	0	11	
0	13	415	0	
15	0	0	421	
11	0	0	427	
431	0	0	15	
0	8	439	0	
426	0	0	17	
0	432	11	0	
0	432	11	0	
15	0	0	423	
10	0	0	435	
428	0	0	15	
0	428	8	0	
421	0	0	11	
9	0	0	427	
0	13	428	0	
0	14	433	0	
9	0	0	437	
0	435	13	0	
14	0	0	431	
24	0	0	420	
0	441	10	0	
0	442	9	0	
10	0	0	443	
0	439	16	0	
0	445	12	0	
13	0	0	443	
0	447	8	0	
15	0	0	445	
451	0	0	10	
0	15	442	0	
0	7	450	0	
458	0	0	5	
453	0	0	14	
0	14	458	0	
0	460	17	0	
0	466	13	0	
7	0	0	467	
0	460	15	0	
13	0	0	464	
0	11	465	0	
0	457	18	0	
444	0	0	23	
0	9	444	0	
0	441	11	0	
0	439	13	0	
0	433	13	0	
437	0	0	13	
0	14	432	0	
0	10	432	0	
429	0	0	16	
434	0	0	10	
0	418	21	0	
0	426	15	0	
15	0	0	426	
0	423	17	0	
0	429	13	0	
0	431	10	0	
0	434	10	0	
19	0	0	428	
18	0	0	432	
437	0	0	11	
12	0	0	435	
0	428	21	0	
0	8	444	0	
0	12	439	0	
434	0	0	11	
425	0	0	16	
434	0	0	15	
13	0	0	436	
0	8	448	0	
429	0	0	17	
438	0	0	9	
0	431	16	0	
435	0	0	18	
0	10	445	0	
0	448	11	0	
440	0	0	17	
16	0	0	443	
11	0	0	448	
14	0	0	444	
0	11	443	0	
444	0	0	8	
439	0	0	8	
0	7	434	0	
0	428	15	0	
16	0	0	425	
10	0	0	436	
0	430	14	0	
430	0	0	13	
0	435	12	0	
0	446	11	0	
443	0	0	17	
0	11	456	0	
453	0	0	11	
0	452	18	0	
451	0	0	22	
0	11	464	0	
467	0	0	12	
0	462	16	0	
0	461	16	0	
463	0	0	9	
0	14	452	0	
447	0	0	18	
0	446	12	0	
448	0	0	13	
0	12	451	0	
0	443	15	0	
15	0	0	439	
12	0	0	444	
438	0	0	13	
0	17	437	0	
0	444	19	0	
0	450	16	0	
0	445	15	0	
13	0	0	452	
0	449	20	0	
0	9	460	0	
13	0	0	453	
0	13	459	0	
18	0	0	451	
14	0	0	461	
0	16	461	0	
15	0	0	454	
0	16	451	0	
0	454	11	0	
0	440	19	0	
449	0	0	11	
17	0	0	448	
0	18	445	0	
13	0	0	446	
0	11	446	0	
0	21	439	0	
0	9	452	0	
16	0	0	449	
12	0	0	448	
0	7	453	0	
12	0	0	446	
11	0	0	451	
0	447	15	0	
10	0	0	449	
0	433	14	0	
13	0	0	434	
0	10	436	0	
436	0	0	15	
0	13	439	0	
435	0	0	14	
0	10	438	0	
0	8	437	0	
0	428	14	0	
435	0	0	8	
0	15	436	0	
0	19	435	0	
434	0	0	20	
0	12	442	0	
434	0	0	18	
0	12	434	0	
0	438	13	0	
433	0	0	16	
14	0	0	430	
432	0	0	17	
0	10	440	0	
19	0	0	427	
0	10	433	0	
0	12	432	0	
13	0	0	427	
14	0	0	429	
436	0	0	9	
0	431	16	0	
8	0	0	437	
430	0	0	10	
0	9	430	0	
0	11	429	0	
434	0	0	13	
435	0	0	11	
0	13	427	0	
0	10	434	0	
0	12	428	0	
411	0	0	17	
417	0	0	11	
0	7	424	0	
0	14	422	0	
428	0	0	7	
0	424	13	0	
11	0	0	430	
9	0	0	428	
8	0	0	430	
0	16	419	0	
0	6	431	0	
0	15	417	0	
426	0	0	7	
0	434	5	0	
11	0	0	426	
430	0	0	12	
0	12	428	0	
420	0	0	18	
0	423	16	0	
6	0	0	436	
0	13	435	0	
0	439	14	0	
0	436	17	0	
15	0	0	436	
0	440	14	0	
0	12	444	0	
0	16	441	0	
0	444	13	0	
10	0	0	457	
0	14	455	0	
0	11	455	0	
454	0	0	16	
0	14	446	0	
12	0	0	448	
0	451	15	0	
0	450	17	0	
16	0	0	450	
0	439	24	0	
9	0	0	442	
12	0	0	444	
12	0	0	444	
0	443	8	0	
13	0	0	440	
0	12	438	0	
0	439	12	0	
10	0	0	432	
7	0	0	430	
0	431	8	0	
424	0	0	11	
11	0	0	425	
426	0	0	18	
0	12	427	0	
0	428	10	0	
0	411	22	0	
409	0	0	22	
0	421	7	0	
0	18	410	0	
7	0	0	428	
0	17	419	0	
430	0	0	16	
10	0	0	431	
0	429	15	0	
0	426	17	0	
9	0	0	434	
435	0	0	10	
0	12	427	0	
0	8	433	0	
0	424	15	0	
421	0	0	17	
10	0	0	422	
0	9	415	0	
10	0	0	411	
8	0	0	412	
402	0	0	15	
0	406	9	0	
0	405	12	0	
16	0	0	401	
0	12	408	0	
14	0	0	397	
0	11	392	0	
0	398	14	0	
0	397	7	0	
14	0	0	398	
0	398	11	0	
385	0	0	12	
0	11	381	0	
16	0	0	378	
6	0	0	392	
9	0	0	395	
16	0	0	387	
0	388	11	0	
388	0	0	8	
0	386	13	0	
9	0	0	390	
0	383	12	0	
13	0	0	387	
0	16	385	0	
10	0	0	388	
0	392	11	0	
397	0	0	11	
394	0	0	5	
11	0	0	393	
396	0	0	13	
14	0	0	402	
0	13	403	0	
9	0	0	414	
408	0	0	14	
407	0	0	11	
11	0	0	403	
391	0	0	14	
397	0	0	10	
0	396	10	0	
9	0	0	394	
0	10	397	0	
389	0	0	15	
394	0	0	11	
13	0	0	393	
0	394	12	0	
15	0	0	395	
0	13	393	0	
18	0	0	392	
0	401	15	0	
11	0	0	408	
14	0	0	410	
11	0	0	413	
0	12	409	0	
11	0	0	413	
0	8	411	0	
0	12	408	0	
9	0	0	417	
0	5	421	0	
412	0	0	16	
0	16	403	0	
0	11	411	0	
401	0	0	22	
26	0	0	401	
16	0	0	408	
0	408	13	0	
410	0	0	18	
0	12	411	0	
11	0	0	414	
0	9	424	0	
409	0	0	19	
0	11	419	0	
22	0	0	408	
9	0	0	421	
416	0	0	11	
427	0	0	5	
0	412	17	0	
414	0	0	16	
14	0	0	420	
421	0	0	10	
15	0	0	410	
14	0	0	408	
18	0	0	406	
0	22	390	0	
391	0	0	16	
385	0	0	20	
0	14	391	0	
18	0	0	390	
0	5	404	0	
0	396	15	0	
19	0	0	395	
14	0	0	394	
391	0	0	19	
395	0	0	13	
395	0	0	7	
400	0	0	7	
398	0	0	8	
17	0	0	396	
0	16	399	0	
397	0	0	16	
0	14	397	0	
0	9	400	0	
0	397	13	0	
10	0	0	403	
10	0	0	397	
0	13	398	0	
11	0	0	403	
0	13	393	0	
14	0	0	392	
0	404	8	0	
0	406	11	0	
412	0	0	3	
14	0	0	408	
415	0	0	6	
0	10	412	0	
412	0	0	10	
12	0	0	404	
12	0	0	406	
393	0	0	16	
398	0	0	8	
9	0	0	400	
0	11	393	0	
397	0	0	7	
0	8	396	0	
8	0	0	408	
0	10	405	0	
409	0	0	10	
392	0	0	18	
7	0	0	403	
402	0	0	13	
0	407	12	0	
405	0	0	13	
0	402	12	0	
408	0	0	13	
411	0	0	14	
413	0	0	13	
13	0	0	413	
0	11	411	0	
0	12	413	0	
12	0	0	410	
0	10	412	0	
412	0	0	16	
15	0	0	417	
424	0	0	14	
7	0	0	435	
0	13	426	0	
0	9	431	0	
430	0	0	11	
0	430	13	0	
435	0	0	8	
13	0	0	430	
426	0	0	17	
0	438	10	0	
428	0	0	16	
0	10	435	0	
15	0	0	434	
0	13	440	0	
0	8	453	0	
437	0	0	17	
0	8	449	0	
14	0	0	441	
441	0	0	12	
9	0	0	443	
19	0	0	437	
438	0	0	19	
0	12	451	0	
10	0	0	451	
0	448	12	0	
451	0	0	12	
9	0	0	455	
452	0	0	9	
446	0	0	20	
454	0	0	18	
452	0	0	17	
450	0	0	13	
0	19	441	0	
0	12	444	0	
447	0	0	15	
445	0	0	17	
0	14	447	0	
0	14	449	0	
0	454	10	0	
453	0	0	13	
0	13	455	0	
452	0	0	17	
0	18	456	0	
0	460	19	0	
17	0	0	465	
0	12	463	0	
468	0	0	11	
10	0	0	468	
0	466	8	0	
0	461	12	0	
458	0	0	13	
13	0	0	461	
0	14	459	0	
0	15	461	0	
0	457	15	0	
457	0	0	9	
0	456	11	0	
0	455	14	0	
457	0	0	13	
22	0	0	440	
0	21	446	0	
16	0	0	455	
0	16	446	0	
445	0	0	13	
0	450	10	0	
448	0	0	14	
0	9	447	0	
444	0	0	15	
455	0	0	12	
0	462	10	0	
0	458	12	0	
6	0	0	464	
0	449	18	0	
456	0	0	11	
450	0	0	18	
460	0	0	14	
456	0	0	18	
0	13	465	0	
0	468	15	0	
469	0	0	7	
15	0	0	463	
16	0	0	461	
469	0	0	11	
0	16	468	0	
0	9	480	0	
15	0	0	478	
13	0	0	480	
472	0	0	18	
474	0	0	14	
0	17	473	0	
10	0	0	475	
0	12	472	0	
0	12	467	0	
459	0	0	16	
462	0	0	10	
0	11	461	0	
455	0	0	15	
460	0	0	11	
0	17	451	0	
0	456	10	0	
0	448	21	0	
443	0	0	22	
0	13	454	0	
446	0	0	15	
0	450	11	0	
447	0	0	16	
0	440	21	0	
440	0	0	14	
0	11	440	0	
0	20	434	0	
15	0	0	435	
0	432	14	0	
434	0	0	16	
0	429	14	0	
0	423	18	0	
18	0	0	426	
430	0	0	16	
18	0	0	429	
9	0	0	434	
0	17	420	0	
16	0	0	424	
0	9	433	0	
8	0	0	436	
438	0	0	9	
437	0	0	13	
7	0	0	443	
14	0	0	434	
0	437	9	0	
0	428	9	0	
436	0	0	6	
13	0	0	432	
11	0	0	432	
8	0	0	438	
430	0	0	11	
13	0	0	422	
412	0	0	19	
0	11	418	0	
0	10	421	0	
421	0	0	16	
423	0	0	11	
427	0	0	14	
17	0	0	421	
430	0	0	10	
15	0	0	432	
434	0	0	12	
0	438	12	0	
435	0	0	11	
0	13	429	0	
432	0	0	11	
434	0	0	13	
14	0	0	424	
437	0	0	9	
12	0	0	431	
0	9	432	0	
10	0	0	432	
428	0	0	11	
426	0	0	13	
427	0	0	14	
18	0	0	422	
0	428	12	0	
0	432	10	0	
0	11	435	0	
17	0	0	423	
0	14	433	0	
0	10	433	0	
427	0	0	17	
0	7	435	0	
435	0	0	9	
426	0	0	13	
420	0	0	20	
0	29	406	0	
427	0	0	10	
419	0	0	12	
416	0	0	12	
0	11	412	0	
0	403	16	0	
0	410	12	0	
0	10	412	0	
411	0	0	11	
8	0	0	411	
11	0	0	411	
23	0	0	401	
0	410	12	0	
0	419	6	0	
409	0	0	14	
0	13	410	0	
0	9	423	0	
0	10	423	0	
0	8	420	0	
0	415	10	0	
10	0	0	411	
412	0	0	10	
419	0	0	9	
0	13	410	0	
0	10	418	0	
0	9	420	0	
0	12	418	0	
422	0	0	8	
0	15	415	0	
0	13	408	0	
0	13	411	0	
0	16	402	0	
412	0	0	7	
0	11	407	0	
395	0	0	18	
408	0	0	11	
12	0	0	409	
0	16	409	0	
0	9	421	0	
0	10	425	0	
421	0	0	10	
415	0	0	10	
0	12	419	0	
11	0	0	421	
0	16	419	0	
0	16	416	0	
0	425	11	0	
6	0	0	424	
0	15	420	0	
0	424	10	0	
16	0	0	416	
17	0	0	416	
0	421	13	0	
419	0	0	17	
12	0	0	425	
0	15	427	0	
0	11	431	0	
0	14	429	0	
12	0	0	437	
436	0	0	12	
0	429	11	0	
426	0	0	10	
423	0	0	17	
0	12	430	0	
0	12	433	0	
13	0	0	430	
15	0	0	422	
13	0	0	425	
0	424	12	0	
422	0	0	16	
6	0	0	432	
17	0	0	424	
15	0	0	418	
7	0	0	429	
0	8	431	0	
424	0	0	7	
0	17	421	0	
0	432	11	0	
9	0	0	437	
0	10	440	0	
441	0	0	12	
13	0	0	442	
0	13	443	0	
452	0	0	12	
450	0	0	17	
452	0	0	12	
444	0	0	18	
10	0	0	457	
0	18	445	0	
24	0	0	435	
11	0	0	454	
16	0	0	447	
16	0	0	447	
0	12	451	0	
0	9	455	0	
458	0	0	10	
457	0	0	12	
0	454	17	0	
10	0	0	467	
462	0	0	13	
0	459	19	0	
461	0	0	14	
11	0	0	466	
461	0	0	15	
0	9	474	0	
468	0	0	12	
0	11	471	0	
468	0	0	12	
16	0	0	461	
471	0	0	10	
0	12	476	0	
8	0	0	480	
0	13	469	0	
8	0	0	474	
14	0	0	463	
0	16	461	0	
0	13	463	0	
0	458	13	0	
468	0	0	10	
0	466	12	0	
455	0	0	19	
458	0	0	19	
0	469	11	0	
471	0	0	6	
16	0	0	460	
0	17	468	0	
0	13	467	0	
11	0	0	472	
0	13	467	0	
464	0	0	16	
468	0	0	11	
18	0	0	454	
0	10	461	0	
17	0	0	448	
455	0	0	18	
0	455	19	0	
25	0	0	451	
0	12	454	0	
453	0	0	11	
446	0	0	13	
12	0	0	444	
0	19	439	0	
0	444	10	0	
0	435	12	0	
433	0	0	13	
0	440	6	0	
11	0	0	439	
0	11	442	0	
433	0	0	10	
5	0	0	438	
12	0	0	428	
0	17	424	0	
8	0	0	432	
11	0	0	429	
0	422	10	0	
408	0	0	20	
412	0	0	13	
9	0	0	418	
13	0	0	411	
15	0	0	410	
407	0	0	11	
409	0	0	14	
408	0	0	13	
411	0	0	12	
10	0	0	419	
0	14	418	0	
0	16	412	0	
13	0	0	420	
0	413	17	0	
421	0	0	11	
419	0	0	12	
418	0	0	12	
0	421	11	0	
12	0	0	421	
13	0	0	413	
412	0	0	11	
12	0	0	409	
404	0	0	14	
13	0	0	411	
0	13	413	0	
420	0	0	9	
417	0	0	13	
13	0	0	418	
14	0	0	429	
8	0	0	430	
0	428	11	0	
425	0	0	13	
0	430	11	0	
0	434	11	0	
11	0	0	432	
0	433	11	0	
0	443	8	0	
441	0	0	11	
11	0	0	443	
17	0	0	437	
443	0	0	10	
429	0	0	14	
428	0	0	11	
420	0	0	22	
444	0	0	9	
447	0	0	9	
446	0	0	9	
448	0	0	8	
445	0	0	14	
445	0	0	19	
454	0	0	15	
462	0	0	13	
460	0	0	15	
460	0	0	14	
456	0	0	10	
0	9	457	0	
0	11	451	0	
458	0	0	7	
0	447	17	0	
0	443	18	0	
449	0	0	11	
0	10	459	0	
456	0	0	15	
16	0	0	457	
0	17	453	0	
15	0	0	461	
0	12	463	0	
0	11	467	0	
16	0	0	459	
12	0	0	465	
0	15	459	0	
0	457	17	0	
17	0	0	458	
0	460	15	0	
453	0	0	19	
0	462	10	0	
462	0	0	11	
0	460	12	0	
0	449	13	0	
0	452	13	0	
453	0	0	9	
19	0	0	441	
444	0	0	14	
440	0	0	16	
12	0	0	447	
0	446	13	0	
0	443	12	0	
0	447	9	0	
447	0	0	13	
435	0	0	23	
0	446	14	0	
455	0	0	13	
0	453	16	0	
12	0	0	458	
9	0	0	455	
15	0	0	444	
0	12	445	0	
0	14	446	0	
445	0	0	13	
440	0	0	17	
437	0	0	13	
428	0	0	15	
434	0	0	8	
0	14	432	0	
0	19	427	0	
13	0	0	436	
0	21	434	0	
442	0	0	13	
447	0	0	11	
446	0	0	15	
0	9	457	0	
15	0	0	445	
10	0	0	444	
8	0	0	442	
14	0	0	441	
15	0	0	440	
13	0	0	436	
16	0	0	422	
10	0	0	427	
14	0	0	432	
0	431	18	0	
10	0	0	433	
18	0	0	424	
12	0	0	422	
13	0	0	422	
22	0	0	409	
13	0	0	424	
9	0	0	428	
9	0	0	435	
12	0	0	428	
10	0	0	431	
7	0	0	435	
424	0	0	16	
12	0	0	429	
433	0	0	14	
19	0	0	425	
423	0	0	17	
0	419	20	0	
13	0	0	426	
12	0	0	428	
420	0	0	16	
417	0	0	10	
0	12	420	0	
8	0	0	425	
13	0	0	415	
0	426	9	0	
18	0	0	420	
417	0	0	18	
0	15	421	0	
0	15	422	0	
0	11	432	0	
2	0	0	436	
421	0	0	16	
0	429	16	0	
438	0	0	11	
17	0	0	434	
0	12	435	0	
17	0	0	433	
0	9	435	0	
0	432	11	0	
428	0	0	10	
5	0	0	428	
419	0	0	15	
413	0	0	15	
10	0	0	422	
0	10	422	0	
13	0	0	419	
0	12	418	0	
0	418	11	0	
411	0	0	11	
0	10	411	0	
0	11	424	0	
9	0	0	428	
8	0	0	431	
0	11	430	0	
0	17	424	0	
425	0	0	13	
19	0	0	418	
412	0	0	16	
0	414	15	0	
413	0	0	17	
15	0	0	417	
425	0	0	16	
0	11	429	0	
419	0	0	17	
13	0	0	428	
430	0	0	16	
14	0	0	428	
0	13	426	0	
0	423	18	0	
0	14	425	0	
15	0	0	426	
0	9	430	0	
20	0	0	413	
0	10	429	0	
0	419	12	0	
0	416	7	0	
397	0	0	21	
13	0	0	403	
0	8	404	0	
8	0	0	404	
19	0	0	403	
0	21	401	0	
0	15	398	0	
10	0	0	401	
10	0	0	399	
9	0	0	400	
0	12	393	0	
0	387	15	0	
13	0	0	385	
0	7	393	0	
0	396	9	0	
392	0	0	9	
0	391	12	0	
0	380	13	0	
0	384	12	0	
380	0	0	16	
11	0	0	390	
0	387	17	0	
404	0	0	7	
402	0	0	12	
0	394	17	0	
8	0	0	397	
17	0	0	392	
0	8	401	0	
14	0	0	392	
0	391	16	0	
396	0	0	11	
17	0	0	394	
11	0	0	399	
14	0	0	395	
395	0	0	10	
0	392	10	0	
391	0	0	9	
6	0	0	396	
12	0	0	387	
381	0	0	14	
0	11	393	0	
0	9	401	0	
12	0	0	395	
405	0	0	8	
10	0	0	400	
7	0	0	400	
14	0	0	393	
0	386	15	0	
12	0	0	391	
16	0	0	395	
0	406	11	0	
14	0	0	398	
397	0	0	18	
396	0	0	17	
11	0	0	395	
0	8	402	0	
0	398	16	0	
12	0	0	404	
406	0	0	9	
16	0	0	399	
0	406	15	0	
0	405	15	0	
0	407	15	0	
10	0	0	407	
0	414	6	0	
0	412	13	0	
0	409	15	0	
0	412	15	0	
0	400	16	0	
408	0	0	13	
0	18	405	0	
0	415	6	0	
0	400	12	0	
0	399	10	0	
0	403	9	0	
0	404	12	0	
0	394	16	0	
404	0	0	10	
0	406	13	0	
0	414	7	0	
0	408	17	0	
399	0	0	18	
0	399	14	0	
13	0	0	402	
0	18	405	0	
405	0	0	19	
0	418	17	0	
422	0	0	15	
0	9	431	0	
0	14	430	0	
0	426	14	0	
0	423	9	0	
0	417	15	0	
0	423	12	0	
431	0	0	9	
0	12	429	0	
10	0	0	434	
0	13	434	0	
8	0	0	439	
431	0	0	15	
14	0	0	435	
0	13	444	0	
445	0	0	12	
18	0	0	437	
0	9	447	0	
10	0	0	441	
20	0	0	428	
0	435	10	0	
9	0	0	443	
0	441	12	0	
12	0	0	442	
0	10	448	0	
0	445	15	0	
0	452	12	0	
0	447	15	0	
0	451	7	0	
449	0	0	10	
18	0	0	440	
0	8	457	0	
14	0	0	445	
0	450	9	0	
0	447	14	0	
445	0	0	19	
446	0	0	16	
0	7	445	0	
0	436	15	0	
0	8	445	0	
19	0	0	431	
12	0	0	434	
0	424	19	0	
15	0	0	427	
0	428	21	0	
445	0	0	9	
15	0	0	441	
18	0	0	434	
0	12	441	0	
14	0	0	431	
12	0	0	430	
0	433	8	0	
431	0	0	8	
422	0	0	14	
16	0	0	422	
13	0	0	426	
0	415	14	0	
0	417	10	0	
0	413	11	0	
414	0	0	11	
0	418	9	0	
0	422	8	0	
14	0	0	419	
0	13	414	0	
6	0	0	419	
0	8	414	0	
413	0	0	14	
0	14	416	0	
12	0	0	418	
0	19	410	0	
423	0	0	10	
0	9	418	0	
426	0	0	5	
419	0	0	7	
0	418	9	0	
420	0	0	11	
16	0	0	416	
0	16	417	0	
0	422	12	0	
423	0	0	11	
0	14	422	0	
10	0	0	426	
0	12	424	0	
11	0	0	417	
11	0	0	418	
11	0	0	421	
0	14	421	0	
0	14	423	0	
12	0	0	422	
17	0	0	419	
9	0	0	424	
15	0	0	421	
0	425	13	0	
11	0	0	422	
0	10	420	0	
12	0	0	417	
0	412	14	0	
10	0	0	416	
11	0	0	416	
11	0	0	413	
0	14	410	0	
11	0	0	416	
0	14	413	0	
420	0	0	10	
16	0	0	414	
419	0	0	10	
0	21	414	0	
10	0	0	427	
16	0	0	427	
11	0	0	434	
0	12	428	0	
0	433	10	0	
18	0	0	425	
0	439	8	0	
432	0	0	11	
0	16	429	0	
432	0	0	13	
432	0	0	12	
12	0	0	437	
0	12	437	0	
432	0	0	15	
16	0	0	434	
0	14	433	0	
0	13	434	0	
4	0	0	444	
15	0	0	434	
12	0	0	438	
0	431	14	0	
0	427	13	0	
428	0	0	14	
0	8	432	0	
0	427	16	0	
12	0	0	433	
13	0	0	441	
0	441	13	0	
443	0	0	11	
7	0	0	449	
0	458	6	0	
0	453	14	0	
450	0	0	15	
14	0	0	450	
0	15	453	0	
19	0	0	448	
0	464	12	0	
0	475	10	0	
0	467	15	0	
11	0	0	469	
0	12	470	0	
0	465	19	0	
476	0	0	13	
477	0	0	14	
468	0	0	18	
0	13	475	0	
0	12	477	0	
468	0	0	18	
0	478	13	0	
485	0	0	8	
13	0	0	483	
0	9	484	0	
478	0	0	14	
485	0	0	10	
0	476	16	0	
13	0	0	481	
0	470	20	0	
484	0	0	13	
18	0	0	482	
0	483	10	0	
0	477	18	0	
9	0	0	485	
12	0	0	483	
7	0	0	485	
23	0	0	468	
10	0	0	483	
485	0	0	11	
488	0	0	11	
12	0	0	480	
0	11	478	0	
0	17	478	0	
0	485	20	0	
20	0	0	487	
0	11	500	0	
0	494	14	0	
486	0	0	23	
15	0	0	494	
497	0	0	14	
0	11	494	0	
10	0	0	490	
481	0	0	11	
18	0	0	482	
0	475	24	0	
0	489	12	0	
0	476	18	0	
478	0	0	12	
19	0	0	464	
0	8	472	0	
0	16	473	0	
15	0	0	473	
477	0	0	7	
14	0	0	463	
455	0	0	19	
17	0	0	455	
458	0	0	13	
15	0	0	456	
0	15	459	0	
17	0	0	461	
0	15	459	0	
0	458	19	0	
0	452	20	0	
454	0	0	13	
0	452	18	0	
454	0	0	17	
14	0	0	458	
13	0	0	454	
0	451	16	0	
12	0	0	451	
0	441	21	0	
15	0	0	451	
15	0	0	448	
443	0	0	18	
445	0	0	14	
10	0	0	451	
0	443	16	0	
0	440	12	0	
438	0	0	11	
0	14	430	0	
15	0	0	430	
0	428	15	0	
19	0	0	422	
0	12	426	0	
11	0	0	426	
0	428	10	0	
420	0	0	16	
13	0	0	426	
11	0	0	427	
0	10	428	0	
430	0	0	12	
14	0	0	427	
0	11	429	0	
0	12	424	0	
422	0	0	14	
0	429	12	0	
429	0	0	14	
10	0	0	435	
19	0	0	429	
16	0	0	432	
0	10	429	0	
0	14	423	0	
0	9	430	0	
8	0	0	435	
11	0	0	433	
0	15	433	0	
0	11	440	0	
11	0	0	439	
12	0	0	434	
0	433	13	0	
439	0	0	15	
430	0	0	18	
435	0	0	12	
0	13	444	0	
14	0	0	437	
0	428	17	0	
5	0	0	443	
12	0	0	432	
14	0	0	424	
0	11	428	0	
0	438	9	0	
15	0	0	437	
432	0	0	22	
8	0	0	448	
15	0	0	442	
0	14	440	0	
13	0	0	439	
0	15	444	0	
447	0	0	10	
450	0	0	11	
10	0	0	451	
443	0	0	16	
0	448	12	0	
17	0	0	444	
0	15	445	0	
0	443	11	0	
0	442	14	0	
439	0	0	13	
0	435	15	0	
432	0	0	16	
433	0	0	16	
17	0	0	433	
436	0	0	17	
439	0	0	12	
440	0	0	10	
0	437	8	0	
430	0	0	18	
9	0	0	437	
428	0	0	15	
0	419	13	0	
421	0	0	13	
16	0	0	423	
0	19	418	0	
10	0	0	427	
0	16	424	0	
0	418	15	0	
415	0	0	22	
14	0	0	423	
0	11	431	0	
13	0	0	434	
0	14	426	0	
8	0	0	432	
0	435	10	0	
14	0	0	425	
15	0	0	426	
7	0	0	439	
425	0	0	16	
12	0	0	431	
436	0	0	18	
0	19	437	0	
9	0	0	434	
428	0	0	13	
0	8	436	0	
0	434	9	0	
440	0	0	10	
0	436	11	0	
0	14	438	0	
440	0	0	7	
9	0	0	439	
10	0	0	433	
16	0	0	423	
421	0	0	19	
10	0	0	427	
423	0	0	10	
421	0	0	14	
10	0	0	426	
0	422	15	0	
0	427	13	0	
14	0	0	422	
12	0	0	426	
8	0	0	428	
0	9	430	0	
0	21	420	0	
0	17	422	0	
18	0	0	424	
432	0	0	13	
10	0	0	433	
431	0	0	13	
14	0	0	433	
443	0	0	14	
0	455	7	0	
0	446	13	0	
0	444	18	0	
11	0	0	444	
443	0	0	12	
442	0	0	19	
0	15	437	0	
441	0	0	9	
0	426	15	0	
0	424	14	0	
17	0	0	426	
0	10	436	0	
0	16	427	0	
0	10	441	0	
444	0	0	7	
0	433	14	0	
0	10	433	0	
0	432	13	0	
435	0	0	6	
9	0	0	427	
13	0	0	430	
11	0	0	427	
413	0	0	20	
419	0	0	15	
413	0	0	11	
0	8	425	0	
0	426	10	0	
413	0	0	25	
0	9	430	0	
11	0	0	431	
0	14	438	0	
15	0	0	439	
0	8	449	0	
10	0	0	449	
440	0	0	18	
448	0	0	15	
451	0	0	11	
0	12	449	0	
460	0	0	8	
0	5	465	0	
460	0	0	11	
0	453	18	0	
453	0	0	18	
12	0	0	458	
12	0	0	460	
10	0	0	461	
455	0	0	14	
9	0	0	463	
457	0	0	15	
0	16	453	0	
0	449	15	0	
449	0	0	14	
0	452	10	0	
9	0	0	458	
454	0	0	15	
464	0	0	11	
459	0	0	19	
7	0	0	479	
0	12	479	0	
0	484	14	0	
0	477	15	0	
0	474	16	0	
470	0	0	17	
0	459	21	0	
465	0	0	13	
472	0	0	13	
0	13	479	0	
482	0	0	12	
0	16	477	0	
483	0	0	12	
0	477	14	0	
0	474	20	0	
16	0	0	481	
0	479	14	0	
16	0	0	480	
0	18	472	0	
0	474	11	0	
0	471	10	0	
11	0	0	469	
0	15	473	0	
475	0	0	15	
0	13	483	0	
492	0	0	15	
490	0	0	12	
0	490	12	0	
0	12	486	0	
14	0	0	482	
0	15	484	0	
0	20	475	0	
0	15	473	0	
18	0	0	466	
17	0	0	467	
13	0	0	471	
0	476	9	0	
478	0	0	14	
0	7	480	0	
0	476	14	0	
0	470	20	0	
14	0	0	475	
483	0	0	12	
481	0	0	17	
0	13	484	0	
483	0	0	18	
0	20	481	0	
20	0	0	475	
13	0	0	472	
0	18	476	0	
15	0	0	473	
463	0	0	19	
471	0	0	8	
11	0	0	466	
447	0	0	27	
14	0	0	465	
0	20	456	0	
9	0	0	477	
0	17	464	0	
22	0	0	460	
0	12	466	0	
0	465	11	0	
0	460	19	0	
0	468	11	0	
461	0	0	16	
12	0	0	465	
12	0	0	464	
0	457	21	0	
468	0	0	9	
0	470	9	0	
476	0	0	10	
0	14	472	0	
0	7	469	0	
16	0	0	449	
0	26	436	0	
0	436	18	0	
15	0	0	444	
0	13	444	0	
0	445	14	0	
443	0	0	15	
11	0	0	448	
0	442	19	0	
442	0	0	17	
0	10	446	0	
442	0	0	17	
0	16	440	0	
11	0	0	448	
0	433	13	0	
0	429	21	0	
0	442	7	0	
436	0	0	12	
0	13	434	0	
0	13	426	0	
9	0	0	427	
0	8	432	0	
0	9	426	0	
0	14	419	0	
429	0	0	10	
429	0	0	14	
0	14	426	0	
427	0	0	11	
431	0	0	11	
0	15	425	0	
0	19	424	0	
0	425	15	0	
425	0	0	12	
430	0	0	10	
0	19	412	0	
0	414	13	0	
422	0	0	5	
17	0	0	413	
416	0	0	14	
0	423	14	0	
428	0	0	13	
0	431	12	0	
431	0	0	10	
432	0	0	14	
434	0	0	8	
432	0	0	14	
435	0	0	5	
17	0	0	426	
0	13	432	0	
0	17	429	0	
27	0	0	423	
438	0	0	10	
437	0	0	16	
433	0	0	15	
447	0	0	11	
0	12	444	0	
0	13	440	0	
0	441	10	0	
440	0	0	8	
0	13	440	0	
461	0	0	8	
454	0	0	12	
456	0	0	16	
0	13	459	0	
0	19	464	0	
463	0	0	16	
0	16	469	0	
0	476	8	0	
0	460	22	0	
0	471	13	0	
469	0	0	15	
0	15	463	0	
17	0	0	461	
0	468	13	0	
11	0	0	466	
0	457	12	0	
0	8	456	0	
12	0	0	455	
12	0	0	455	
0	455	8	0	
19	0	0	446	
13	0	0	458	
15	0	0	462	
13	0	0	463	
18	0	0	463	
472	0	0	13	
465	0	0	13	
0	14	458	0	
463	0	0	13	
442	0	0	17	
0	13	444	0	
12	0	0	445	
25	0	0	431	
14	0	0	439	
14	0	0	448	
0	456	15	0	
0	463	19	0	
15	0	0	455	
455	0	0	12	
456	0	0	9	
0	12	449	0	
454	0	0	12	
442	0	0	17	
14	0	0	449	
0	440	15	0	
10	0	0	442	
0	435	17	0	
0	437	15	0	
448	0	0	9	
0	438	18	0	
0	429	16	0	
0	437	9	0	
428	0	0	16	
0	9	428	0	
0	419	10	0	
0	16	421	0	
416	0	0	12	
0	421	10	0	
9	0	0	425	
12	0	0	424	
0	15	427	0	
0	444	13	0	
14	0	0	443	
0	442	16	0	
10	0	0	451	
0	460	10	0	
461	0	0	9	
0	463	8	0	
460	0	0	13	
12	0	0	470	
0	468	12	0	
20	0	0	455	
10	0	0	460	
0	453	18	0	
13	0	0	451	
9	0	0	455	
0	11	451	0	
0	10	455	0	
0	453	11	0	
0	456	16	0	
459	0	0	15	
0	15	459	0	
0	464	15	0	
465	0	0	15	
0	458	15	0	
14	0	0	451	
0	14	447	0	
0	9	459	0	
455	0	0	10	
0	451	16	0	
0	462	9	0	
457	0	0	10	
0	452	11	0	
447	0	0	15	
0	449	12	0	
444	0	0	19	
447	0	0	20	
0	450	16	0	
17	0	0	441	
0	445	12	0	
0	446	11	0	
10	0	0	450	
14	0	0	449	
0	455	12	0	
12	0	0	453	
444	0	0	17	
0	15	451	0	
442	0	0	20	
16	0	0	449	
458	0	0	12	
0	444	19	0	
433	0	0	17	
0	14	441	0	
439	0	0	13	
0	14	436	0	
0	13	432	0	
430	0	0	14	
0	12	430	0	
10	0	0	434	
0	423	9	0	
0	426	11	0	
11	0	0	426	
429	0	0	5	
0	15	421	0	
0	14	427	0	
431	0	0	9	
18	0	0	431	
17	0	0	436	
0	434	19	0	
11	0	0	442	
432	0	0	12	
13	0	0	431	
0	13	425	0	
415	0	0	21	
0	14	425	0	
425	0	0	9	
417	0	0	12	
421	0	0	12	
0	12	426	0	
421	0	0	19	
431	0	0	10	
0	10	430	0	
0	7	435	0	
0	17	425	0	
0	10	435	0	
437	0	0	13	
0	14	437	0	
0	13	445	0	
0	15	449	0	
15	0	0	450	
0	16	448	0	
0	10	447	0	
0	10	439	0	
0	439	12	0	
436	0	0	17	
440	0	0	6	
437	0	0	15	
0	18	433	0	
0	16	437	0	
0	9	438	0	
0	443	9	0	
443	0	0	17	
0	11	446	0	
0	449	12	0	
0	448	12	0	
451	0	0	12	
0	8	453	0	
0	442	15	0	
8	0	0	446	
0	9	450	0	
14	0	0	442	
0	13	449	0	
0	451	12	0	
441	0	0	17	
0	6	449	0	
0	446	14	0	
443	0	0	18	
19	0	0	438	
0	444	12	0	
12	0	0	444	
0	12	449	0	
0	449	13	0	
12	0	0	455	
0	7	468	0	
0	16	458	0	
466	0	0	13	
0	17	468	0	
464	0	0	14	
0	461	15	0	
465	0	0	8	
0	456	14	0	
0	457	13	0	
12	0	0	462	
459	0	0	11	
458	0	0	12	
0	454	11	0	
0	454	15	0	
0	451	11	0	
14	0	0	451	
14	0	0	453	
0	11	454	0	
0	8	458	0	
13	0	0	454	
0	15	447	0	
0	20	442	0	
462	0	0	6	
0	19	443	0	
0	18	449	0	
0	11	450	0	
0	12	444	0	
18	0	0	433	
16	0	0	432	
0	18	428	0	
15	0	0	429	
0	10	433	0	
0	19	419	0	
17	0	0	423	
0	16	427	0	
0	434	11	0	
19	0	0	422	
0	11	423	0	
0	8	422	0	
0	11	418	0	
413	0	0	16	
0	11	418	0	
410	0	0	18	
409	0	0	16	
0	12	414	0	
0	13	413	0	
0	416	7	0	
11	0	0	415	
19	0	0	408	
13	0	0	411	
0	404	12	0	
12	0	0	403	
0	7	405	0	
0	11	398	0	
394	0	0	16	
0	400	10	0	
0	15	395	0	
0	9	400	0	
10	0	0	395	
0	15	389	0	
11	0	0	398	
0	9	396	0	
400	0	0	10	
0	395	11	0	
393	0	0	15	
0	8	394	0	
0	389	11	0	
403	0	0	7	
0	13	399	0	
406	0	0	6	
0	10	403	0	
402	0	0	12	
11	0	0	404	
401	0	0	15	
407	0	0	9	
406	0	0	10	
0	411	12	0	
11	0	0	413	
11	0	0	413	
411	0	0	15	
411	0	0	13	
424	0	0	9	
0	4	434	0	
0	15	419	0	
0	419	14	0	
0	419	14	0	
421	0	0	16	
435	0	0	7	
0	8	434	0	
12	0	0	431	
430	0	0	16	
0	12	438	0	
0	9	440	0	
437	0	0	8	
0	13	431	0	
16	0	0	432	
10	0	0	440	
441	0	0	7	
0	436	10	0	
0	440	10	0	
0	437	13	0	
13	0	0	442	
0	7	449	0	
0	19	433	0	
14	0	0	437	
0	11	436	0	
435	0	0	14	
435	0	0	10	
0	10	436	0	
0	427	17	0	
435	0	0	13	
0	17	434	0	
0	14	431	0	
0	14	433	0	
0	427	17	0	
439	0	0	8	
0	14	432	0	
0	7	436	0	
0	14	432	0	
11	0	0	439	
13	0	0	439	
440	0	0	14	
0	440	13	0	
439	0	0	11	
433	0	0	15	
0	12	434	0	
0	427	12	0	
421	0	0	20	
15	0	0	424	
13	0	0	425	
0	426	8	0	
0	419	7	0	
402	0	0	16	
0	8	412	0	
0	406	11	0	
411	0	0	6	
404	0	0	10	
0	398	12	0	
391	0	0	14	
11	0	0	392	
0	13	390	0	
394	0	0	9	
385	0	0	15	
0	7	393	0	
0	385	15	0	
384	0	0	12	
0	10	387	0	
0	373	17	0	
370	0	0	17	
0	9	371	0	
0	13	365	0	
364	0	0	10	
0	9	366	0	
11	0	0	368	
0	14	364	0	
14	0	0	366	
13	0	0	365	
11	0	0	366	
14	0	0	362	
355	0	0	19	
360	0	0	8	
13	0	0	360	
11	0	0	366	
369	0	0	6	
371	0	0	7	
375	0	0	7	
376	0	0	11	
0	6	374	0	
365	0	0	6	
350	0	0	14	
0	12	352	0	
0	11	350	0	
0	358	5	0	
358	0	0	9	
0	9	359	0	
5	0	0	360	
15	0	0	354	
0	11	356	0	
0	352	11	0	
6	0	0	353	
0	9	351	0	
6	0	0	352	
356	0	0	11	
354	0	0	12	
0	371	5	0	
0	359	11	0	
359	0	0	13	
364	0	0	13	
0	369	14	0	
12	0	0	375	
377	0	0	9	
15	0	0	363	
368	0	0	7	
365	0	0	10	
368	0	0	9	
0	376	5	0	
365	0	0	14	
370	0	0	11	
370	0	0	11	
14	0	0	367	
375	0	0	11	
362	0	0	14	
362	0	0	13	
0	11	362	0	
0	11	366	0	
0	368	7	0	
14	0	0	361	
10	0	0	373	
368	0	0	16	
366	0	0	13	
370	0	0	10	
0	360	12	0	
365	0	0	9	
0	358	14	0	
351	0	0	13	
359	0	0	5	
7	0	0	352	
0	16	341	0	
0	5	354	0	
356	0	0	11	
357	0	0	10	
0	10	354	0	
13	0	0	348	
10	0	0	346	
17	0	0	334	
347	0	0	7	
4	0	0	350	
7	0	0	345	
11	0	0	343	
0	344	10	0	
12	0	0	350	
0	343	13	0	
343	0	0	9	
0	348	8	0	
10	0	0	340	
340	0	0	15	
339	0	0	13	
0	15	335	0	
0	8	337	0	
0	17	321	0	
325	0	0	11	
329	0	0	9	
0	332	13	0	
339	0	0	6	
12	0	0	328	
0	327	10	0	
0	327	8	0	
326	0	0	9	
328	0	0	11	
328	0	0	13	
20	0	0	319	
0	335	11	0	
0	346	6	0	
342	0	0	11	
10	0	0	337	
0	9	343	0	
344	0	0	8	
7	0	0	347	
346	0	0	11	
0	350	8	0	
16	0	0	337	
10	0	0	349	
13	0	0	344	
354	0	0	3	
348	0	0	11	
0	11	339	0	
10	0	0	343	
0	342	14	0	
347	0	0	5	
0	15	334	0	
0	11	338	0	
0	7	344	0	
344	0	0	8	
0	342	8	0	
0	341	10	0	
0	339	8	0	
333	0	0	16	
0	7	344	0	
0	8	344	0	
10	0	0	344	
10	0	0	337	
0	342	17	0	
0	342	14	0	
10	0	0	346	
0	348	5	0	
0	333	15	0	
0	343	6	0	
344	0	0	7	
15	0	0	337	
0	348	9	0	
12	0	0	344	
346	0	0	12	
11	0	0	343	
0	5	353	0	
0	14	351	0	
20	0	0	342	
11	0	0	352	
0	359	8	0	
12	0	0	356	
0	9	359	0	
0	360	8	0	
0	361	7	0	
355	0	0	10	
11	0	0	352	
0	365	7	0	
365	0	0	13	
0	368	7	0	
9	0	0	361	
365	0	0	8	
359	0	0	16	
8	0	0	372	
0	362	12	0	
11	0	0	360	
0	6	365	0	
0	9	366	0	
0	12	366	0	
7	0	0	366	
0	360	13	0	
11	0	0	370	
11	0	0	370	
0	369	10	0	
0	373	6	0	
359	0	0	15	
0	370	8	0	
367	0	0	10	
374	0	0	6	
13	0	0	366	
12	0	0	372	
0	16	370	0	
0	365	19	0	
0	380	7	0	
0	17	362	0	
16	0	0	363	
0	14	359	0	
0	365	14	0	
11	0	0	369	
0	370	11	0	
0	361	13	0	
10	0	0	360	
10	0	0	359	
0	17	356	0	
0	10	359	0	
359	0	0	8	
0	7	356	0	
0	12	343	0	
6	0	0	351	
0	15	345	0	
0	6	348	0	
0	9	342	0	
342	0	0	6	
338	0	0	10	
0	16	331	0	
337	0	0	6	
0	9	334	0	
0	321	16	0	
315	0	0	14	
0	11	320	0	
0	6	326	0	
0	314	10	0	
0	8	324	0	
0	11	322	0	
319	0	0	13	
0	14	317	0	
0	10	321	0	
318	0	0	11	
0	316	10	0	
318	0	0	8	
0	316	8	0	
0	8	320	0	
8	0	0	316	
0	7	319	0	
0	11	318	0	
0	10	319	0	
315	0	0	10	
0	3	327	0	
0	13	322	0	
13	0	0	323	
8	0	0	322	
12	0	0	316	
8	0	0	322	
323	0	0	8	
0	7	328	0	
0	8	332	0	
0	10	330	0	
325	0	0	8	
0	326	8	0	
322	0	0	7	
329	0	0	9	
0	7	344	0	
0	343	9	0	
0	345	4	0	
10	0	0	344	
0	6	353	0	
0	9	351	0	
357	0	0	8	
0	11	350	0	
0	14	343	0	
0	352	8	0	
348	0	0	9	
0	7	353	0	
0	347	9	0	
342	0	0	14	
8	0	0	345	
0	10	343	0	
0	345	9	0	
0	8	343	0	
23	0	0	328	
0	338	8	0	
338	0	0	11	
0	335	8	0	
17	0	0	326	
0	332	10	0	
0	335	12	0	
0	327	13	0	
325	0	0	14	
10	0	0	330	
0	8	337	0	
0	341	9	0	
329	0	0	15	
0	9	335	0	
339	0	0	12	
0	10	336	0	
12	0	0	337	
0	346	8	0	
0	345	15	0	
349	0	0	7	
13	0	0	337	
5	0	0	345	
0	11	341	0	
0	14	339	0	
0	343	8	0	
0	344	5	0	
334	0	0	9	
341	0	0	7	
10	0	0	341	
0	10	340	0	
0	345	10	0	
12	0	0	335	
0	8	335	0	
0	6	335	0	
0	327	13	0	
12	0	0	326	
0	324	11	0	
0	325	12	0	
0	6	328	0	
326	0	0	11	
11	0	0	334	
0	9	342	0	
0	7	345	0	
0	344	7	0	
0	345	12	0	
352	0	0	7	
0	350	12	0	
352	0	0	10	
13	0	0	351	
0	361	7	0	
12	0	0	367	
0	365	14	0	
365	0	0	11	
0	372	11	0	
20	0	0	359	
0	11	369	0	
0	360	11	0	
368	0	0	8	
0	10	367	0	
0	5	374	0	
0	9	367	0	
0	8	363	0	
0	358	11	0	
361	0	0	15	
0	12	354	0	
0	362	9	0	
12	0	0	362	
0	12	358	0	
0	6	356	0	
0	7	354	0	
358	0	0	7	
355	0	0	9	
345	0	0	14	
14	0	0	339	
347	0	0	7	
0	344	10	0	
343	0	0	14	
0	9	347	0	
17	0	0	342	
0	350	11	0	
8	0	0	353	
0	6	355	0	
0	11	349	0	
0	354	7	0	
10	0	0	351	
0	10	352	0	
11	0	0	350	
0	351	10	0	
10	0	0	353	
354	0	0	7	
0	342	10	0	
0	341	6	0	
0	342	8	0	
343	0	0	8	
0	13	334	0	
0	7	338	0	
335	0	0	11	
0	12	335	0	
0	12	334	0	
338	0	0	7	
324	0	0	9	
0	16	319	0	
332	0	0	6	
0	5	328	0	
0	325	8	0	
325	0	0	9	
0	12	330	0	
0	333	11	0	
0	336	9	0	
341	0	0	7	
0	14	332	0	
16	0	0	331	
7	0	0	339	
10	0	0	331	
0	336	7	0	
13	0	0	331	
0	9	329	0	
0	332	9	0	
12	0	0	326	
0	14	327	0	
0	332	9	0	
8	0	0	332	
0	10	338	0	
344	0	0	6	
12	0	0	334	
0	8	337	0	
339	0	0	8	
10	0	0	339	
0	336	9	0	
337	0	0	9	
0	6	341	0	
0	10	341	0	
342	0	0	9	
0	11	338	0	
0	9	345	0	
13	0	0	341	
0	10	346	0	
0	12	341	0	
343	0	0	7	
0	8	342	0	
337	0	0	15	
337	0	0	12	
333	0	0	11	
328	0	0	11	
12	0	0	329	
0	15	327	0	
10	0	0	334	
9	0	0	333	
0	332	5	0	
324	0	0	12	
0	11	324	0	
5	0	0	332	
0	334	7	0	
329	0	0	9	
0	10	328	0	
0	13	327	0	
0	328	9	0	
324	0	0	14	
0	12	326	0	
0	13	323	0	
0	6	330	0	
330	0	0	11	
0	13	331	0	
19	0	0	326	
0	11	332	0	
0	12	329	0	
0	7	339	0	
335	0	0	7	
338	0	0	8	
11	0	0	339	
341	0	0	9	
0	6	347	0	
338	0	0	12	
0	345	6	0	
346	0	0	7	
346	0	0	6	
0	15	336	0	
343	0	0	7	
0	341	9	0	
0	341	8	0	
338	0	0	11	
0	340	8	0	
339	0	0	9	
344	0	0	11	
0	9	342	0	
0	337	16	0	
342	0	0	9	
0	9	346	0	
0	346	9	0	
9	0	0	347	
6	0	0	350	
0	10	349	0	
0	3	363	0	
9	0	0	360	
0	9	363	0	
0	361	9	0	
0	356	14	0	
16	0	0	351	
0	366	8	0	
10	0	0	364	
0	16	364	0	
372	0	0	11	
376	0	0	10	
372	0	0	19	
0	17	379	0	
0	11	385	0	
0	8	399	0	
396	0	0	11	
0	14	392	0	
388	0	0	17	
0	13	397	0	
0	6	398	0	
0	10	393	0	
0	16	385	0	
15	0	0	387	
0	11	387	0	
0	13	389	0	
397	0	0	9	
0	7	403	0	
0	7	396	0	
0	17	383	0	
0	8	397	0	
389	0	0	9	
0	8	390	0	
387	0	0	10	
0	387	9	0	
16	0	0	381	
385	0	0	10	
0	6	388	0	
382	0	0	13	
0	15	380	0	
376	0	0	17	
0	9	380	0	
0	9	378	0	
20	0	0	365	
0	11	368	0	
0	17	361	0	
0	15	361	0	
16	0	0	362	
372	0	0	8	
0	8	369	0	
0	22	362	0	
369	0	0	10	
363	0	0	15	
8	0	0	366	
366	0	0	10	
0	360	18	0	
10	0	0	369	
0	14	363	0	
0	15	365	0	
364	0	0	14	
11	0	0	362	
12	0	0	358	
0	357	7	0	
0	349	10	0	
343	0	0	12	
0	337	10	0	
7	0	0	336	
0	16	325	0	
333	0	0	8	
0	327	9	0	
0	331	9	0	
329	0	0	6	
0	322	10	0	
0	10	322	0	
12	0	0	322	
0	9	319	0	
0	315	10	0	
7	0	0	308	
0	10	305	0	
0	8	309	0	
305	0	0	9	
4	0	0	314	
0	11	315	0	
11	0	0	314	
0	319	9	0	
321	0	0	6	
0	319	6	0	
0	13	313	0	
0	315	8	0	
12	0	0	308	
12	0	0	309	
308	0	0	14	
0	10	312	0	
0	315	11	0	
0	319	10	0	
0	319	10	0	
4	0	0	326	
0	322	10	0	
0	318	11	0	
14	0	0	316	
0	6	314	0	
0	310	9	0	
7	0	0	319	
0	324	7	0	
5	0	0	327	
0	3	326	0	
11	0	0	322	
0	5	329	0	
0	328	4	0	
0	326	8	0	
0	8	331	0	
0	4	338	0	
0	7	335	0	
9	0	0	335	
10	0	0	340	
333	0	0	11	
0	9	343	0	
0	14	340	0	
0	343	10	0	
351	0	0	3	
0	341	10	0	
0	346	11	0	
7	0	0	357	
0	11	358	0	
0	13	355	0	
4	0	0	361	
0	6	359	0	
15	0	0	357	
5	0	0	372	
11	0	0	365	
11	0	0	369	
374	0	0	9	
0	364	12	0	
0	12	366	0	
13	0	0	368	
373	0	0	8	
0	372	11	0	
376	0	0	7	
13	0	0	373	
372	0	0	14	
380	0	0	4	
15	0	0	374	
0	374	13	0	
12	0	0	375	
0	380	8	0	
380	0	0	7	
370	0	0	14	
16	0	0	363	
14	0	0	370	
0	379	6	0	
12	0	0	373	
0	15	372	0	
13	0	0	368	
0	11	364	0	
371	0	0	6	
0	11	365	0	
0	11	362	0	
0	7	361	0	
0	357	9	0	
349	0	0	16	
13	0	0	348	
0	344	12	0	
0	354	8	0	
0	10	356	0	
357	0	0	8	
0	359	9	0	
0	357	8	0	
8	0	0	364	
0	9	362	0	
8	0	0	363	
0	11	365	0	
0	10	366	0	
0	12	360	0	
360	0	0	12	
365	0	0	13	
366	0	0	11	
371	0	0	9	
0	9	368	0	
375	0	0	7	
0	8	371	0	
0	365	9	0	
11	0	0	363	
0	11	361	0	
9	0	0	361	
5	0	0	363	
9	0	0	361	
0	10	357	0	
7	0	0	363	
8	0	0	361	
13	0	0	358	
0	352	21	0	
363	0	0	10	
353	0	0	18	
357	0	0	13	
10	0	0	362	
0	7	368	0	
0	365	8	0	
0	366	9	0	
368	0	0	9	
0	14	364	0	
13	0	0	363	
0	363	19	0	
0	368	14	0	
12	0	0	372	
0	16	360	0	
0	370	8	0	
16	0	0	364	
22	0	0	360	
0	368	13	0	
0	370	10	0	
9	0	0	372	
364	0	0	14	
362	0	0	12	
0	369	6	0	
353	0	0	19	
363	0	0	9	
0	6	365	0	
14	0	0	353	
0	11	361	0	
12	0	0	365	
15	0	0	360	
17	0	0	354	
370	0	0	6	
0	11	360	0	
361	0	0	9	
0	12	355	0	
0	355	13	0	
13	0	0	356	
9	0	0	350	
348	0	0	13	
349	0	0	13	
5	0	0	356	
0	350	13	0	
0	11	356	0	
10	0	0	358	
0	6	358	0	
14	0	0	356	
9	0	0	361	
0	359	12	0	
358	0	0	13	
357	0	0	13	
354	0	0	7	
356	0	0	11	
12	0	0	355	
356	0	0	8	
0	352	13	0	
361	0	0	10	
10	0	0	361	
356	0	0	10	
12	0	0	353	
357	0	0	9	
0	357	6	0	
354	0	0	12	
358	0	0	5	
8	0	0	359	
0	7	357	0	
8	0	0	359	
12	0	0	355	
9	0	0	361	
358	0	0	10	
353	0	0	13	
11	0	0	361	
359	0	0	14	
0	359	12	0	
15	0	0	363	
14	0	0	369	
370	0	0	15	
0	372	8	0	
364	0	0	12	
368	0	0	6	
0	11	359	0	
366	0	0	10	
362	0	0	9	
13	0	0	359	
11	0	0	358	
11	0	0	366	
0	8	367	0	
0	6	366	0	
14	0	0	355	
0	15	354	0	
0	11	353	0	
0	14	346	0	
0	12	352	0	
355	0	0	9	
348	0	0	14	
350	0	0	13	
355	0	0	7	
11	0	0	349	
348	0	0	11	
8	0	0	348	
10	0	0	348	
348	0	0	12	
0	346	13	0	
0	336	19	0	
345	0	0	12	
11	0	0	345	
0	343	11	0	
14	0	0	341	
12	0	0	345	
12	0	0	348	
0	347	17	0	
0	350	11	0	
0	347	13	0	
8	0	0	353	
11	0	0	350	
10	0	0	352	
10	0	0	348	
0	8	348	0	
9	0	0	348	
0	10	352	0	
357	0	0	9	
13	0	0	345	
16	0	0	338	
0	8	344	0	
0	11	332	0	
331	0	0	10	
0	10	328	0	
329	0	0	12	
331	0	0	10	
332	0	0	8	
331	0	0	10	
336	0	0	7	
10	0	0	334	
0	6	336	0	
334	0	0	9	
0	12	332	0	
0	9	332	0	
0	326	11	0	
12	0	0	329	
7	0	0	337	
14	0	0	332	
0	13	333	0	
337	0	0	8	
336	0	0	7	
0	12	328	0	
0	7	337	0	
0	10	332	0	
9	0	0	335	
8	0	0	338	
12	0	0	336	
343	0	0	8	
335	0	0	15	
0	10	337	0	
340	0	0	11	
341	0	0	7	
0	343	8	0	
10	0	0	343	
12	0	0	341	
0	6	348	0	
0	346	6	0	
0	344	10	0	
0	349	6	0	
339	0	0	15	
356	0	0	4	
0	7	352	0	
0	11	344	0	
12	0	0	353	
0	351	13	0	
0	15	346	0	
0	11	343	0	
0	341	10	0	
0	341	11	0	
347	0	0	9	
0	7	351	0	
0	6	356	0	
5	0	0	353	
0	20	346	0	
0	350	14	0	
351	0	0	11	
0	7	354	0	
8	0	0	355	
0	10	348	0	
0	12	347	0	
0	353	10	0	
11	0	0	352	
0	352	7	0	
351	0	0	11	
13	0	0	359	
0	15	353	0	
12	0	0	356	
0	359	6	0	
12	0	0	353	
348	0	0	14	
10	0	0	349	
351	0	0	11	
349	0	0	9	
10	0	0	354	
0	353	13	0	
0	352	10	0	
0	350	10	0	
347	0	0	11	
349	0	0	16	
0	348	15	0	
345	0	0	16	
0	351	15	0	
9	0	0	356	
7	0	0	355	
15	0	0	348	
0	8	355	0	
0	11	350	0	
0	5	358	0	
353	0	0	12	
0	8	358	0	
0	7	360	0	
0	357	9	0	
9	0	0	360	
0	11	348	0	
355	0	0	8	
0	9	357	0	
0	10	355	0	
9	0	0	356	
0	8	360	0	
0	12	357	0	
0	6	362	0	
358	0	0	10	
0	12	357	0	
0	8	348	0	
348	0	0	10	
14	0	0	346	
0	354	9	0	
0	8	354	0	
0	354	9	0	
17	0	0	347	
6	0	0	353	
0	11	355	0	
356	0	0	13	
0	11	356	0	
0	14	345	0	
0	343	17	0	
0	348	13	0	
350	0	0	13	
0	12	355	0	
0	12	357	0	
359	0	0	11	
0	10	362	0	
6	0	0	365	
6	0	0	360	
0	348	14	0	
349	0	0	14	
349	0	0	15	
0	17	346	0	
350	0	0	8	
0	348	15	0	
0	353	13	0	
348	0	0	15	
0	15	347	0	
0	353	10	0	
0	355	10	0	
13	0	0	346	
0	15	345	0	
344	0	0	10	
0	9	343	0	
0	352	4	0	
338	0	0	13	
344	0	0	8	
0	338	12	0	
342	0	0	9	
11	0	0	335	
338	0	0	8	
0	10	335	0	
9	0	0	341	
0	13	338	0	
340	0	0	8	
0	9	335	0	
326	0	0	16	
0	339	4	0	
11	0	0	334	
9	0	0	335	
7	0	0	334	
0	8	332	0	
9	0	0	332	
0	328	12	0	
15	0	0	328	
0	331	14	0	
9	0	0	324	
316	0	0	12	
12	0	0	322	
324	0	0	16	
336	0	0	6	
326	0	0	12	
335	0	0	7	
334	0	0	8	
327	0	0	12	
8	0	0	333	
330	0	0	7	
330	0	0	8	
323	0	0	11	
11	0	0	322	
320	0	0	13	
327	0	0	6	
324	0	0	8	
12	0	0	319	
323	0	0	8	
320	0	0	10	
316	0	0	11	
11	0	0	317	
319	0	0	7	
315	0	0	11	
322	0	0	4	
316	0	0	9	
313	0	0	14	
0	317	10	0	
310	0	0	11	
312	0	0	12	
0	320	7	0	
18	0	0	312	
10	0	0	320	
0	5	326	0	
6	0	0	324	
0	326	8	0	
0	322	9	0	
314	0	0	15	
323	0	0	8	
0	12	327	0	
0	15	327	0	
12	0	0	328	
0	340	8	0	
339	0	0	8	
0	10	345	0	
343	0	0	12	
0	346	10	0	
347	0	0	10	
0	8	344	0	
0	8	348	0	
0	353	9	0	
358	0	0	9	
0	7	357	0	
0	356	9	0	
0	361	10	0	
7	0	0	367	
0	366	8	0	
18	0	0	352	
6	0	0	373	
371	0	0	6	
0	16	361	0	
9	0	0	364	
367	0	0	9	
370	0	0	8	
0	9	372	0	
0	370	11	0	
366	0	0	12	
0	367	15	0	
365	0	0	14	
0	368	11	0	
373	0	0	6	
9	0	0	369	
358	0	0	18	
10	0	0	364	
0	367	14	0	
0	364	15	0	
6	0	0	377	
0	368	13	0	
12	0	0	370	
366	0	0	13	
14	0	0	363	
361	0	0	18	
14	0	0	365	
22	0	0	359	
374	0	0	9	
10	0	0	374	
376	0	0	10	
0	372	12	0	
17	0	0	363	
367	0	0	11	
0	364	12	0	
0	369	10	0	
12	0	0	360	
0	369	9	0	
10	0	0	366	
0	361	17	0	
361	0	0	16	
12	0	0	365	
0	11	365	0	
0	7	367	0	
364	0	0	6	
0	8	363	0	
0	9	357	0	
355	0	0	9	
8	0	0	349	
0	350	6	0	
8	0	0	346	
0	346	10	0	
0	343	4	0	
11	0	0	339	
0	9	339	0	
6	0	0	349	
0	10	350	0	
17	0	0	337	
4	0	0	347	
0	344	14	0	
9	0	0	351	
348	0	0	8	
0	348	12	0	
352	0	0	5	
346	0	0	12	
348	0	0	9	
12	0	0	346	
340	0	0	15	
0	11	346	0	
6	0	0	358	
0	351	12	0	
9	0	0	355	
0	14	353	0	
0	18	350	0	
358	0	0	13	
0	355	15	0	
10	0	0	359	
5	0	0	367	
0	8	363	0	
356	0	0	14	
0	12	361	0	
0	373	9	0	
0	375	10	0	
369	0	0	11	
0	10	370	0	
359	0	0	15	
365	0	0	11	
10	0	0	361	
0	7	361	0	
11	0	0	352	
0	12	353	0	
13	0	0	353	
10	0	0	353	
353	0	0	10	
8	0	0	354	
357	0	0	3	
356	0	0	9	
18	0	0	346	
0	353	11	0	
0	357	8	0	
12	0	0	350	
0	15	346	0	
0	10	351	0	
0	8	353	0	
355	0	0	13	
14	0	0	351	
0	353	10	0	
355	0	0	13	
0	353	15	0	
0	11	354	0	
0	11	354	0	
0	345	19	0	
0	346	13	0	
346	0	0	15	
0	13	349	0	
18	0	0	344	
0	15	349	0	
0	15	353	0	
0	13	348	0	
0	347	6	0	
7	0	0	345	
10	0	0	339	
341	0	0	4	
0	7	337	0	
330	0	0	12	
335	0	0	7	
0	15	327	0	
331	0	0	11	
336	0	0	9	
0	10	334	0	
0	323	16	0	
0	319	7	0	
317	0	0	10	
10	0	0	319	
0	328	8	0	
7	0	0	332	
0	333	4	0	
14	0	0	324	
15	0	0	329	
14	0	0	334	
0	333	13	0	
13	0	0	331	
0	334	11	0	
335	0	0	11	
9	0	0	337	
0	9	336	0	
0	329	12	0	
0	337	3	0	
335	0	0	9	
328	0	0	17	
0	8	338	0	
341	0	0	8	
14	0	0	342	
0	11	345	0	
345	0	0	8	
0	6	344	0	
0	5	340	0	
0	340	7	0	
7	0	0	343	
0	341	8	0	
0	333	19	0	
0	352	6	0	
0	351	7	0	
0	347	14	0	
343	0	0	18	
0	15	345	0	
348	0	0	13	
11	0	0	347	
10	0	0	350	
5	0	0	365	
0	9	359	0	
0	357	13	0	
4	0	0	365	
0	359	12	0	
351	0	0	17	
0	7	358	0	
357	0	0	10	
0	352	12	0	
9	0	0	352	
11	0	0	352	
353	0	0	10	
0	363	8	0	
0	361	9	0	
7	0	0	362	
348	0	0	10	
8	0	0	351	
356	0	0	6	
0	14	348	0	
5	0	0	354	
0	347	10	0	
352	0	0	10	
0	11	348	0	
0	354	12	0	
360	0	0	8	
0	11	356	0	
0	358	10	0	
365	0	0	9	
9	0	0	366	
0	362	9	0	
0	14	364	0	
0	11	370	0	
0	10	368	0	
0	11	362	0	
0	7	364	0	
11	0	0	362	
0	358	15	0	
368	0	0	10	
0	12	367	0	
0	7	373	0	
367	0	0	11	
356	0	0	17	
365	0	0	7	
0	11	366	0	
361	0	0	15	
0	362	10	0	
9	0	0	360	
8	0	0	361	
0	355	16	0	
355	0	0	13	
0	354	11	0	
0	9	361	0	
362	0	0	11	
371	0	0	7	
0	14	364	0	
0	372	10	0	
0	377	12	0	
376	0	0	13	
10	0	0	381	
379	0	0	11	
385	0	0	8	
384	0	0	6	
10	0	0	382	
0	13	377	0	
0	383	9	0	
384	0	0	11	
13	0	0	384	
0	386	10	0	
0	386	9	0	
10	0	0	383	
13	0	0	378	
0	366	19	0	
6	0	0	381	
0	373	7	0	
0	8	370	0	
0	11	375	0	
0	5	380	0	
0	11	373	0	
0	373	14	0	
381	0	0	11	
0	5	379	0	
0	369	11	0	
374	0	0	7	
0	370	11	0	
0	371	10	0	
11	0	0	369	
0	8	374	0	
0	10	366	0	
0	365	11	0	
14	0	0	355	
0	357	11	0	
17	0	0	352	
0	346	20	0	
0	352	11	0	
0	353	12	0	
359	0	0	10	
0	11	363	0	
0	8	367	0	
15	0	0	359	
0	12	365	0	
364	0	0	11	
0	19	350	0	
355	0	0	9	
0	9	354	0	
356	0	0	10	
0	12	353	0	
0	16	342	0	
346	0	0	12	
0	336	18	0	
10	0	0	346	
0	329	19	0	
0	341	5	0	
330	0	0	10	
10	0	0	332	
9	0	0	331	
4	0	0	335	
9	0	0	332	
0	332	9	0	
333	0	0	9	
0	334	13	0	
337	0	0	14	
0	5	346	0	
0	11	340	0	
0	349	5	0	
344	0	0	6	
0	5	345	0	
0	14	339	0	
0	344	9	0	
0	11	343	0	
9	0	0	343	
0	8	339	0	
0	8	349	0	
0	11	348	0	
344	0	0	13	
0	3	355	0	
0	346	11	0	
6	0	0	352	
10	0	0	349	
0	347	13	0	
351	0	0	11	
0	14	348	0	
0	353	9	0	
354	0	0	8	
0	351	12	0	
0	352	6	0	
0	348	9	0	
351	0	0	8	
5	0	0	353	
0	349	11	0	
13	0	0	344	
0	344	11	0	
10	0	0	346	
0	16	341	0	
0	15	338	0	
0	8	342	0	
0	341	10	0	
0	340	11	0	
0	339	9	0	
341	0	0	11	
0	9	346	0	
344	0	0	12	
346	0	0	10	
16	0	0	341	
0	16	340	0	
352	0	0	7	
0	349	13	0	
0	344	10	0	
0	338	15	0	
333	0	0	13	
0	335	7	0	
12	0	0	326	
0	12	333	0	
0	10	332	0	
335	0	0	8	
0	10	340	0	
330	0	0	13	
0	322	15	0	
0	323	12	0	
4	0	0	328	
8	0	0	328	
330	0	0	10	
0	325	8	0	
321	0	0	10	
0	13	317	0	
0	320	12	0	
8	0	0	320	
0	320	12	0	
13	0	0	317	
0	318	9	0	
0	317	10	0	
9	0	0	321	
0	12	324	0	
12	0	0	323	
0	324	10	0	
329	0	0	8	
0	322	16	0	
0	323	11	0	
0	329	5	0	
0	321	7	0	
0	319	8	0	
316	0	0	12	
313	0	0	16	
14	0	0	319	
13	0	0	323	
0	325	8	0	
0	323	12	0	
1	0	0	334	
0	9	331	0	
0	332	4	0	
0	319	13	0	
0	325	10	0	
0	329	7	0	
0	327	10	0	
9	0	0	328	
0	326	6	0	
14	0	0	318	
0	7	327	0	
0	325	8	0	
331	0	0	8	
0	12	325	0	
0	331	10	0	
0	326	13	0	
8	0	0	339	
8	0	0	337	
0	9	334	0	
0	12	333	0	
333	0	0	15	
0	11	338	0	
0	9	340	0	
336	0	0	7	
0	10	339	0	
340	0	0	6	
334	0	0	12	
9	0	0	340	
0	9	346	0	
0	5	353	0	
346	0	0	10	
0	12	349	0	
0	355	7	0	
13	0	0	346	
0	14	344	0	
345	0	0	8	
353	0	0	9	
0	8	357	0	
0	10	348	0	
0	8	349	0	
0	354	5	0	
0	343	11	0	
12	0	0	343	
0	14	345	0	
0	351	9	0	
0	345	12	0	
0	347	9	0	
8	0	0	349	
0	344	14	0	
9	0	0	345	
0	7	355	0	
9	0	0	359	
358	0	0	11	
0	11	357	0	
0	8	358	0	
0	12	356	0	
16	0	0	352	
0	7	363	0	
357	0	0	14	
0	12	358	0	
364	0	0	8	
359	0	0	13	
359	0	0	16	
0	13	365	0	
0	10	365	0	
0	8	361	0	
355	0	0	8	
0	15	351	0	
0	8	358	0	
0	357	7	0	
13	0	0	356	
363	0	0	6	
354	0	0	10	
356	0	0	9	
0	9	353	0	
0	354	13	0	
0	359	7	0	
8	0	0	359	
0	17	338	0	
0	7	349	0	
10	0	0	343	
0	11	344	0	
0	338	8	0	
0	336	13	0	
0	339	11	0	
342	0	0	11	
0	337	11	0	
11	0	0	335	
0	3	347	0	
0	335	15	0	
0	339	12	0	
0	342	12	0	
14	0	0	342	
0	13	344	0	
0	6	351	0	
0	341	16	0	
15	0	0	343	
0	15	343	0	
0	352	9	0	
13	0	0	349	
0	345	11	0	
0	334	9	0	
0	8	339	0	
0	333	14	0	
340	0	0	10	
10	0	0	347	
13	0	0	343	
0	8	352	0	
0	345	15	0	
354	0	0	7	
0	9	356	0	
0	9	358	0	
354	0	0	13	
0	3	360	0	
0	347	17	0	
12	0	0	355	
0	10	360	0	
0	361	8	0	
0	12	358	0	
0	364	13	0	
0	365	6	0	
0	360	11	0	
11	0	0	363	
7	0	0	367	
0	365	10	0	
0	359	10	0	
8	0	0	359	
5	0	0	359	
5	0	0	366	
0	362	10	0	
0	360	11	0	
8	0	0	361	
0	14	361	0	
0	14	363	0	
0	359	15	0	
360	0	0	11	
0	358	10	0	
353	0	0	14	
0	7	361	0	
0	15	357	0	
0	11	357	0	
7	0	0	359	
0	352	11	0	
0	345	18	0	
355	0	0	11	
0	357	7	0	
353	0	0	10	
0	6	350	0	
0	338	12	0	
0	341	12	0	
0	339	12	0	
0	348	10	0	
0	11	342	0	
338	0	0	14	
341	0	0	10	
332	0	0	10	
0	332	9	0	
0	317	14	0	
0	324	9	0	
0	324	10	0	
0	14	316	0	
9	0	0	325	
4	0	0	327	
0	4	329	0	
15	0	0	312	
0	10	315	0	
10	0	0	317	
0	5	321	0	
0	7	316	0	
0	14	306	0	
305	0	0	16	
0	6	319	0	
0	315	7	0	
5	0	0	317	
0	6	317	0	
0	8	319	0	
0	9	325	0	
0	319	14	0	
325	0	0	5	
0	321	4	0	
318	0	0	9	
0	9	317	0	
0	10	320	0	
0	10	323	0	
0	332	6	0	
334	0	0	8	
0	9	335	0	
0	340	7	0	
341	0	0	11	
0	9	337	0	
0	4	347	0	
346	0	0	13	
0	359	8	0	
7	0	0	359	
354	0	0	11	
356	0	0	11	
11	0	0	357	
0	365	6	0	
0	366	9	0	
10	0	0	360	
13	0	0	359	
0	12	354	0	
0	14	353	0	
358	0	0	8	
359	0	0	11	
0	363	11	0	
364	0	0	12	
0	9	369	0	
0	371	7	0	
13	0	0	366	
0	368	10	0	
366	0	0	11	
0	9	368	0	
0	8	371	0	
0	12	373	0	
377	0	0	8	
0	16	367	0	
0	11	373	0	
382	0	0	3	
10	0	0	372	
11	0	0	375	
375	0	0	7	
6	0	0	377	
0	375	13	0	
0	367	16	0	
0	372	12	0	
375	0	0	9	
0	9	374	0	
0	378	7	0	
0	377	12	0	
384	0	0	12	
0	386	14	0	
11	0	0	390	
0	15	379	0	
12	0	0	380	
0	380	9	0	
384	0	0	13	
0	7	386	0	
0	380	6	0	
376	0	0	13	
0	15	373	0	
0	371	12	0	
0	12	367	0	
0	19	365	0	
9	0	0	372	
0	7	373	0	
0	368	7	0	
360	0	0	16	
0	7	368	0	
0	363	12	0	
12	0	0	359	
0	11	361	0	
0	9	366	0	
0	367	9	0	
14	0	0	357	
0	362	7	0	
350	0	0	20	
12	0	0	358	
13	0	0	352	
0	347	16	0	
0	355	9	0	
0	351	11	0	
353	0	0	11	
12	0	0	350	
355	0	0	9	
12	0	0	354	
352	0	0	15	
0	14	349	0	
0	7	354	0	
0	12	353	0	
0	10	351	0	
0	6	353	0	
354	0	0	10	
0	12	349	0	
0	15	346	0	
0	352	9	0	
0	358	6	0	
361	0	0	11	
0	3	370	0	
353	0	0	23	
0	14	356	0	
0	346	20	0	
0	356	5	0	
360	0	0	9	
0	8	364	0	
0	12	366	0	
0	7	361	0	
0	6	362	0	
0	362	10	0	
0	361	9	0	
10	0	0	358	
0	8	358	0	
0	359	10	0	
0	362	7	0	
359	0	0	14	
0	372	11	0	
380	0	0	12	
384	0	0	9	
0	11	380	0	
12	0	0	387	
13	0	0	385	
0	10	388	0	
0	10	386	0	
385	0	0	14	
396	0	0	5	
0	12	391	0	
0	10	394	0	
0	395	14	0	
12	0	0	402	
0	6	406	0	
0	16	395	0	
0	15	392	0	
0	5	402	0	
398	0	0	14	
398	0	0	10	
0	9	399	0	
0	10	393	0	
0	13	389	0	
0	10	394	0	
398	0	0	8	
0	15	394	0	
0	18	393	0	
0	395	14	0	
0	397	12	0	
397	0	0	15	
0	13	406	0	
0	409	13	0	
407	0	0	15	
0	6	411	0	
404	0	0	10	
0	9	403	0	
0	8	401	0	
8	0	0	402	
0	13	394	0	
17	0	0	387	
0	392	11	0	
0	395	11	0	
8	0	0	399	
0	10	393	0	
0	8	400	0	
0	398	12	0	
17	0	0	397	
0	16	395	0	
10	0	0	393	
0	7	391	0	
0	9	378	0	
0	4	379	0	
10	0	0	370	
0	17	366	0	
0	7	366	0	
0	371	10	0	
7	0	0	377	
0	366	17	0	
14	0	0	366	
0	16	366	0	
367	0	0	11	
0	14	368	0	
0	10	368	0	
0	12	368	0	
0	11	367	0	
0	10	374	0	
0	378	10	0	
17	0	0	372	
0	372	12	0	
14	0	0	371	
0	370	18	0	
382	0	0	9	
0	14	380	0	
0	9	382	0	
0	12	373	0	
0	15	375	0	
8	0	0	379	
0	15	372	0	
0	8	376	0	
0	10	374	0	
0	4	375	0	
0	366	8	0	
7	0	0	365	
368	0	0	7	
363	0	0	11	
366	0	0	9	
14	0	0	363	
0	366	12	0	
12	0	0	363	
0	361	8	0	
350	0	0	15	
0	12	351	0	
0	7	355	0	
0	13	352	0	
0	11	348	0	
0	350	9	0	
346	0	0	11	
0	13	346	0	
0	10	356	0	
361	0	0	8	
14	0	0	359	
10	0	0	363	
366	0	0	11	
10	0	0	366	
0	10	369	0	
13	0	0	362	
359	0	0	11	
364	0	0	10	
357	0	0	12	
10	0	0	353	
0	352	15	0	
352	0	0	17	
370	0	0	7	
355	0	0	16	
0	366	11	0	
0	366	9	0	
357	0	0	14	
354	0	0	15	
6	0	0	362	
18	0	0	352	
0	358	12	0	
12	0	0	357	
355	0	0	14	
0	13	354	0	
0	362	6	0	
0	353	9	0	
352	0	0	13	
0	358	14	0	
358	0	0	15	
0	9	366	0	
358	0	0	11	
15	0	0	349	
13	0	0	350	
14	0	0	344	
348	0	0	12	
352	0	0	8	
362	0	0	4	
0	11	357	0	
11	0	0	355	
12	0	0	354	
14	0	0	352	
0	13	356	0	
0	12	357	0	
359	0	0	12	
366	0	0	12	
365	0	0	9	
367	0	0	8	
362	0	0	9	
355	0	0	14	
358	0	0	10	
363	0	0	5	
358	0	0	8	
355	0	0	10	
359	0	0	8	
354	0	0	14	
357	0	0	15	
0	360	14	0	
0	362	13	0	
0	376	12	0	
379	0	0	9	
0	7	382	0	
0	378	8	0	
0	358	17	0	
10	0	0	370	
0	15	361	0	
0	11	360	0	
0	359	14	0	
0	10	363	0	
0	11	360	0	
356	0	0	15	
360	0	0	7	
349	0	0	19	
0	13	358	0	
360	0	0	15	
368	0	0	4	
13	0	0	359	
14	0	0	358	
12	0	0	355	
358	0	0	7	
351	0	0	12	
356	0	0	7	
11	0	0	352	
12	0	0	346	
350	0	0	12	
13	0	0	350	
358	0	0	10	
360	0	0	7	
355	0	0	9	
356	0	0	8	
357	0	0	11	
0	363	7	0	
6	0	0	362	
17	0	0	351	
358	0	0	7	
0	7	360	0	
361	0	0	8	
363	0	0	7	
0	12	361	0	
11	0	0	359	
361	0	0	10	
10	0	0	358	
0	14	351	0	
0	5	361	0	
346	0	0	14	
344	0	0	15	
11	0	0	347	
0	19	341	0	
6	0	0	351	
0	8	344	0	
340	0	0	15	
342	0	0	10	
340	0	0	12	
8	0	0	347	
0	356	8	0	
355	0	0	10	
13	0	0	355	
0	355	11	0	
0	352	15	0	
14	0	0	357	
0	14	356	0	
9	0	0	371	
369	0	0	9	
0	12	367	0	
0	15	368	0	
10	0	0	380	
0	15	378	0	
0	382	6	0	
9	0	0	380	
9	0	0	380	
380	0	0	9	
11	0	0	385	
7	0	0	392	
6	0	0	403	
398	0	0	13	
402	0	0	11	
0	400	7	0	
391	0	0	12	
399	0	0	7	
0	396	17	0	
0	10	401	0	
401	0	0	13	
401	0	0	9	
401	0	0	13	
12	0	0	401	
0	399	13	0	
393	0	0	17	
10	0	0	399	
0	403	7	0	
0	393	14	0	
0	394	11	0	
0	11	396	0	
404	0	0	11	
0	404	11	0	
413	0	0	9	
0	412	11	0	
407	0	0	12	
404	0	0	13	
10	0	0	402	
0	16	395	0	
401	0	0	11	
0	13	402	0	
0	404	9	0	
0	405	10	0	
396	0	0	8	
8	0	0	398	
397	0	0	12	
16	0	0	398	
0	6	408	0	
11	0	0	404	
0	15	397	0	
391	0	0	11	
382	0	0	22	
389	0	0	10	
386	0	0	9	
0	15	377	0	
10	0	0	376	
0	374	15	0	
382	0	0	11	
13	0	0	384	
0	386	9	0	
0	377	15	0	
8	0	0	380	
7	0	0	378	
0	374	10	0	
0	376	9	0	
0	372	14	0	
0	378	11	0	
374	0	0	13	
371	0	0	11	
0	375	10	0	
367	0	0	13	
0	371	9	0	
362	0	0	14	
15	0	0	362	
0	360	12	0	
0	365	13	0	
0	368	11	0	
0	371	9	0	
0	378	7	0	
367	0	0	16	
373	0	0	8	
0	367	10	0	
367	0	0	6	
0	9	361	0	
0	8	362	0	
0	357	15	0	
362	0	0	8	
0	364	10	0	
8	0	0	366	
0	362	12	0	
0	361	13	0	
9	0	0	360	
0	356	11	0	
350	0	0	16	
348	0	0	14	
0	12	350	0	
0	351	8	0	
0	341	15	0	
8	0	0	345	
0	352	7	0	
8	0	0	348	
0	347	10	0	
0	347	14	0	
0	352	8	0	
348	0	0	14	
0	359	6	0	
0	352	12	0	
0	340	17	0	
339	0	0	16	
347	0	0	8	
0	14	340	0	
12	0	0	342	
0	6	345	0	
0	343	6	0	
14	0	0	329	
0	5	336	0	
0	8	333	0	
0	326	13	0	
332	0	0	7	
8	0	0	328	
0	327	15	0	
0	334	10	0	
7	0	0	337	
0	337	11	0	
0	341	7	0	
0	329	14	0	
8	0	0	331	
0	7	329	0	
8	0	0	333	
0	331	13	0	
0	342	6	0	
7	0	0	348	
0	9	348	0	
0	343	12	0	
10	0	0	342	
16	0	0	338	
0	346	12	0	
350	0	0	7	
0	346	11	0	
0	347	10	0	
5	0	0	348	
0	9	348	0	
344	0	0	9	
0	11	343	0	
352	0	0	11	
0	344	12	0	
344	0	0	8	
0	337	13	0	
0	345	4	0	
0	332	9	0	
0	333	11	0	
5	0	0	335	
6	0	0	335	
0	9	332	0	
9	0	0	333	
0	332	11	0	
8	0	0	335	
0	329	11	0	
325	0	0	13	
7	0	0	333	
7	0	0	333	
327	0	0	11	
0	10	325	0	
319	0	0	13	
0	319	12	0	
319	0	0	11	
15	0	0	309	
0	15	314	0	
0	321	12	0	
329	0	0	7	
322	0	0	13	
0	326	11	0	
11	0	0	326	
321	0	0	14	
0	326	8	0	
0	8	326	0	
0	10	330	0	
0	7	334	0	
327	0	0	10	
0	8	332	0	
0	7	331	0	
0	8	322	0	
0	11	320	0	
6	0	0	330	
0	7	331	0	
334	0	0	4	
0	323	12	0	
325	0	0	9	
0	5	334	0	
0	9	326	0	
333	0	0	7	
329	0	0	11	
0	18	325	0	
333	0	0	11	
0	341	4	0	
340	0	0	8	
340	0	0	12	
0	7	349	0	
342	0	0	16	
0	349	15	0	
348	0	0	12	
0	348	13	0	
11	0	0	350	
353	0	0	8	
9	0	0	353	
9	0	0	355	
9	0	0	357	
0	366	11	0	
0	371	6	0	
8	0	0	372	
0	369	12	0	
375	0	0	10	
0	14	374	0	
0	9	383	0	
0	382	12	0	
0	385	13	0	
0	391	9	0	
378	0	0	18	
0	10	385	0	
8	0	0	382	
14	0	0	372	
11	0	0	372	
0	9	377	0	
0	13	370	0	
13	0	0	368	
0	16	369	0	
6	0	0	378	
0	7	378	0	
0	10	369	0	
0	8	368	0	
0	10	366	0	
366	0	0	13	
0	12	363	0	
355	0	0	17	
365	0	0	7	
360	0	0	11	
0	14	360	0	
0	363	11	0	
0	351	14	0	
18	0	0	348	
0	348	12	0	
0	336	23	0	
10	0	0	353	
0	11	350	0	
343	0	0	11	
14	0	0	342	
0	353	9	0	
0	349	15	0	
12	0	0	351	
0	14	346	0	
356	0	0	8	
355	0	0	14	
362	0	0	6	
0	11	357	0	
0	344	16	0	
348	0	0	10	
349	0	0	8	
0	10	345	0	
345	0	0	13	
345	0	0	9	
11	0	0	338	
8	0	0	343	
11	0	0	344	
0	6	346	0	
351	0	0	2	
0	340	8	0	
0	339	8	0	
339	0	0	11	
0	8	343	0	
346	0	0	7	
0	12	341	0	
0	358	3	0	
348	0	0	7	
0	7	347	0	
347	0	0	11	
345	0	0	15	
0	8	349	0	
12	0	0	349	
351	0	0	12	
357	0	0	6	
11	0	0	346	
0	338	10	0	
330	0	0	15	
0	14	324	0	
9	0	0	323	
315	0	0	9	
9	0	0	308	
0	11	302	0	
0	300	9	0	
290	0	0	14	
0	8	292	0	
283	0	0	10	
9	0	0	275	
11	0	0	268	
0	9	262	0	
252	0	0	10	
11	0	0	239	
5	0	0	235	
0	222	12	0	
7	0	0	221	
0	12	209	0	
12	0	0	199	
0	14	188	0	
0	8	187	0	
10	0	0	182	
171	0	0	12	
8	0	0	168	
0	11	152	0	
6	0	0	150	
6	0	0	141	
140	0	0	4	
126	0	0	9	
7	0	0	117	
0	5	115	0	
6	0	0	106	
8	0	0	101	
4	0	0	100	
88	0	0	6	
8	0	0	77	
0	5	75	0	
0	68	4	0	
59	0	0	1	
3	0	0	53	
43	0	0	9	
0	4	40	0	
30	0	0	3	
4	0	0	22	
1	0	0	12	
7	0	0	0	
0	0	0	0	
